*** Frame ID: 0x0059
*** Frame Length: 44 bytes
*** Reverb Mode: 0x0004

*** Channels mask: 00000003

*** Channel 00 sequence: 
e8 a8 66
ea 00 50
a8 0d
aa 40
c2
a1 0c
a5 03
c8
66 96
ca
aa 40
a8 11
c2
c6
a1 15
a5 05
c8
66 96
ca
00 00 00 2c 28 00 00 04 00 09 00
a2 01
0c 00 38
d5
52 64 02 00 00 00 01 00 00 00
e0
4a 24 00 00 00 00 00 00 00 00 00 04 00 04 00 9e 01 0a 00 09 00 00 00 09 00 00 00 00 00 00 00 2a 2e 70 72 6f 67 72 61 6d 00 00 00 04 00 04 00 9a 01 09 00 0a 00 00 00 0a 00 00 00 00 00 00 00 2a 2e 6d 61 74 65 72 69 61 6c 00 00 04 00 04 00 96 01 09 00 0a 00 00 00 0a 00 00 00 00 00 00 00 2a 2e 70 61 72 74 69 63 6c 65 00 00 05 00 04 00 92 01 0f 00 0c 00 00 00 0c 00 00 00 00 00 00 00 2a 2e 63 6f 6d 70 6f 73 69 74 6f 72 00 00 00 00 00 00 00 00 04 00 05 00 8f 01 0f 00 04 00 00 00 04 00 00 00 00 00 00 00 2a 2e 6f 73 00 00 00 00 00 00 00 00 03 00 04 00 8b 01 08 00 03 00 00 00 03 00 00 00 00 00 00 00 6f 66 66 00 04 00 03 00 86 01 0f 00 04 00 00 00 04 00 00 00 00 00 00 00 74 72 75 65 00 00 00 00 00 00 00 00 04 00 04 00 82 01 0e 00 05 00 00 00 05 00 00 00 00 00 00 00 66 61 6c 73 65 00 00 00 00 00 00 00 03 00 04 00
fe 01 08
00 03 00 00 00 03 00 00 00 00 00 00 00 79 65 73 00 03 00 03 00
fd 01 09
00 02 00 00 00 02 00 00 00 00 00 00 00 6e 6f 00 00 04 00 03 00
f8 01
0b 00 08 00 00 00 08 00 00 00 00 00 00 00 6d 61 74 65 72 69 61 6c 00 00 00 00 05 00 04 00
f4 01 0d
00 0e 00 00 00 0e 00 00 00 00 00 00 00 76 65 72 74 65 78 5f 70 72 6f 67 72 61 6d 00 00 00 00 00 00 05 00 05 00
f1 01 0b 00
10 00 00 00 10 00 00 00 00 00 00 00 67 65 6f 6d 65 74 72 79 5f 70 72 6f 67 72 61 6d 00 00 00 00 05 00 05 00
ea 01 0b
00 10 00 00 00 10 00 00 00 00 00 00 00 66 72 61 67 6d 65 6e 74 5f 70 72 6f 67 72 61 6d 00 00 00 00 04 00 05 00
e7
01 0a 00 09 00 00 00 09 00 00 00 00 00 00 00 74 65 63 68 6e 69 71 75 65 00 00 00 04 00 04 00
e3
01 0f 00 04 00 00 00 04 00 00 00 00 00 00 00 70 61 73 73 00 00 00 00 00 00 00 00 05 00 04 00
df 01 0f
00 0c 00 00 00 0c 00 00 00 00 00 00 00 74 65 78 74 75 72 65 5f 75 6e 69 74 00 00 00 00 00 00 00 00 05 00 05 00
d8 01
09 00 12 00 00 00 12 00 00 00 00 00 00 00 76 65 72 74 65 78 5f 70 72 6f 67 72 61 6d 5f 72 65 66 00 00 06 00 05 00
d5
01 0f 00 14 00 00 00 14 00 00 00 00 00 00 00 66 72 61 67 6d 65 6e 74 5f 70 72 6f 67 72 61 6d 5f 72 65 66 00 00 00 00 00 00 00 00 07 00 06 00
cf 01
0b 00 20 00 00 00 20 00 00 00 00 00 00 00 73 68 61 64 6f 77 5f 63 61 73 74 65 72 5f 76 65 72 74 65 78 5f 70 72 6f 67 72 61 6d 5f 72 65 66 00 00 00 00 07 00 07 00
c6
01 09 00 22 00 00 00 22 00 00 00 00 00 00 00 73 68 61 64 6f 77 5f 72 65 63 65 69 76 65 72 5f 76 65 72 74 65 78 5f 70 72 6f 67 72 61 6d 5f 72 65 66 00 00 04 00 07 00
c1 01
09 00 0a 00 00 00 0a 00 00 00 00 00 00 00 6c 6f 64 5f 76 61 6c 75 65 73 00 00 05 00 04 00 3d 01 0f 00 0c 00 00 00 0c 00 00 00 00 00 00 00 6c 6f 64 5f 73 74 72 61 74 65 67 79 00 00 00 00 00 00 00 00 05 00 05 00 36 01 0e 00 0d 00 00 00 0d 00 00 00 00 00 00 00 6c 6f 64 5f 64 69 73 74 61 6e 63 65 73 00 00 00 00 00 00 00 05 00 05 00 33 01 0c 00 0f 00 00 00 0f 00 00 00 00 00 00 00 72 65 63 65 69 76 65 5f 73 68 61 64 6f 77 73 00 00 00 00 00 06 00 05 00 2c 01 09 00 1a 00 00 00 1a 00 00 00 00 00 00 00 74 72 61 6e 73 70 61 72 65 6e 63 79 5f 63 61 73 74 73 5f 73 68 61 64 6f 77 73 00 00 05 00 06 00 26 01 0a 00 11 00 00 00 11 00 00 00 00 00 00 00 73 65 74 5f 74 65 78 74 75 72 65 5f 61 6c 69 61 73 00 00 00 04 00 05 00 23 01 0d 00 06 00 00 00 06 00 00 00 00 00 00 00 73 6f 75 72 63 65 00 00 00 00 00 00 04 00 04 00 1f 01 0d 00 06 00 00 00 06 00 00 00 00 00 00 00 73 79 6e 74 61 78 00 00 00 00 00 00 05 00 04 00 1b 01 0d 00 0e 00 00 00 0e 00 00 00 00 00 00 00 64 65 66 61 75 6c 74 5f 70 61 72 61 6d 73 00 00 00 00 00 00 05 00 05 00 14 01 0e 00 0d 00 00 00 0d 00 00 00 00 00 00 00 70 61 72 61 6d 5f 69 6e 64 65 78 65 64 00 00 00 00 00 00 00 04 00 05 00 11 01 08 00 0b 00 00 00 0b 00 00 00 00 00 00 00 70 61 72 61 6d 5f 6e 61 6d 65 64 00 05 00 04 00 0d 01 09 00 12 00 00 00 12 00 00 00 00 00 00 00 70 61 72 61 6d 5f 69 6e 64 65 78 65 64 5f 61 75 74 6f 00 00 05 00 05 00 06 01 0b 00 10 00 00 00 10 00 00 00 00 00 00 00 70 61 72 61 6d 5f 6e 61 6d 65 64 5f 61 75 74 6f 00 00 00 00 04 00 05 00 03 01 0d 00 06 00 00 00 06 00 00 00 00 00 00 00 73 63 68 65 6d 65 00 00 00 00 00 00 04 00 04 00 7f 01 0a 00 09 00 00 00 09 00 00 00 00 00 00 00 6c 6f 64 5f 69 6e 64 65 78 00 00 00 06 00 04 00 7b 01 0d 00 16 00 00 00 16 00 00 00 00 00 00 00 73 68 61 64 6f 77 5f 63 61 73 74 65 72 5f 6d 61 74 65 72 69 61 6c 00 00 00 00 00 00 06 00 06 00 75 01 0b 00 18 00 00 00 18 00 00 00 00 00 00 00 73 68 61 64 6f 77 5f 72 65 63 65 69 76 65 72 5f 6d 61 74 65 72 69 61 6c 00 00 00 00 05 00 06 00 6f 01 0c 00 0f 00 00 00 0f 00 00 00 00 00 00 00 67 70 75 5f 76 65 6e 64 6f 72 5f 72 75 6c 65 00 00 00 00 00 05 00 05 00 68 01 0c 00 0f 00 00 00 0f 00 00 00 00 00 00 00 67 70 75 5f 64 65 76 69 63 65 5f 72 75 6c 65 00 00 00 00 00 04 00 05 00 65 01 0c 00 07 00 00 00 07 00 00 00 00 00 00 00 69 6e 63 6c 75 64 65 00 00 00 00 00 04 00 04 00 61 01 0c 00 07 00 00 00 07 00 00 00 00 00 00 00 65 78 63 6c 75 64 65 00 00 00 00 00 04 00 04 00 5d 01 0c 00 07 00 00 00 07 00 00 00 00 00 00 00 61 6d 62 69 65 6e 74 00 00 00 00 00 04 00 04 00 59 01 0c 00 07 00 00 00 07 00 00 00 00 00 00 00 64 69 66 66 75 73 65 00 00 00 00 00 04 00 04 00 55 01 0b 00 08 00 00 00 08 00 00 00 00 00 00 00 73 70 65 63 75 6c 61 72 00 00 00 00 04 00 04 00 51 01 0b 00 08 00 00 00 08 00 00 00 00 00 00 00 65 6d 69 73 73 69 76 65 00 00 00 00 05 00 04 00 4d 01 0f 00 0c 00 00 00 0c 00 00 00 00 00 00 00 76 65 72 74 65 78 63 6f 6c 6f 75 72 00 00 00 00 00 00 00 00 04 00 05 00 46 01 08 00 0b 00 00 00 0b 00 00 00 00 00 00 00 73 63 65 6e 65 5f 62 6c 65 6e 64 00 05 00 04 00 42 01 0f 00 0c 00 00 00 0c 00 00 00 00 00 00 00 63 6f 6c 6f 75 72 5f 62 6c 65 6e 64 00 00 00 00 00 00 00 00 03 00 05 00
bf 01
08 00 03 00 00 00 03 00 00 00 00 00 00 00 6f 6e 65 00 04 00 03 00
ba
01 0f 00 04 00 00 00 04 00 00 00 00 00 00 00 7a 65 72 6f 00 00 00 00 00 00 00 00 04 00 04 00
b6
01 08 00 0b 00 00 00 0b 00 00 00 00 00 00 00 64 65 73 74 5f 63 6f 6c 6f 75 72 00 04 00 04 00
b2 01
09 00 0a 00 00 00 0a 00 00 00 00 00 00 00 73 72 63 5f 63 6f 6c 6f 75 72 00 00 06 00 04 00
ae 01
0f 00 14 00 00 00 14 00 00 00 00 00 00 00 6f 6e 65 5f 6d 69 6e 75 73 5f 73 72 63 5f 63 6f 6c 6f 75 72 00 00 00 00 00 00 00 00 06 00 06 00
a8 01
0e 00 15 00 00 00 15 00 00 00 00 00 00 00 6f 6e 65 5f 6d 69 6e 75 73 5f 64 65 73 74 5f 63 6f 6c 6f 75 72 00 00 00 00 00 00 00 04 00 06 00
a2 01
09 00 0a 00 00 00 0a 00 00 00 00 00 00 00 64 65 73 74 5f 61 6c 70 68 61 00 00 04 00 04 00 9e 01 0a 00 09 00 00 00 09 00 00 00 00 00 00 00 73 72 63 5f 61 6c 70 68 61 00 00 00 06 00 04 00 9a 01 0f 00 14 00 00 00 14 00 00 00 00 00 00 00 6f 6e 65 5f 6d 69 6e 75 73 5f 64 65 73 74 5f 61 6c 70 68 61 00 00 00 00 00 00 00 00 05 00 06 00 94 01 08 00 13 00 00 00 13 00 00 00 00 00 00 00 6f 6e 65 5f 6d 69 6e 75 73 5f 73 72 63 5f 61 6c 70 68 61 00 06 00 05 00 91 01 0f 00 14 00 00 00 14 00 00 00 00 00 00 00 73 65 70 61 72 61 74 65 5f 73 63 65 6e 65 5f 62 6c 65 6e 64 00 00 00 00 00 00 00 00 05 00 06 00 8b 01 0d 00 0e 00 00 00 0e 00 00 00 00 00 00 00 73 63 65 6e 65 5f 62 6c 65 6e 64 5f 6f 70 00 00 00 00 00 00 05 00 05 00 84 01 0b 00 10 00 00 00 10 00 00 00 00 00 00 00 72 65 76 65 72 73 65 5f 73 75 62 74 72 61 63 74 00 00 00 00 03 00 05 00 81 01 08 00 03 00 00 00 03 00 00 00 00 00 00 00 6d 69 6e 00 03 00 03 00
fc
01 08 00 03 00 00 00 03 00 00 00 00 00 00 00 6d 61 78 00 06 00 03 00
fb
01 0c 00 17 00 00 00 17 00 00 00 00 00 00 00 73 65 70 61 72 61 74 65 5f 73 63 65 6e 65 5f 62 6c 65 6e 64 5f 6f 70 00 00 00 00 00 04 00 06 00
f5
01 08 00 0b 00 00 00 0b 00 00 00 00 00 00 00 64 65 70 74 68 5f 63 68 65 63 6b 00 04 00 04 00
f1 01 08 00
0b 00 00 00 0b 00 00 00 00 00 00 00 64 65 70 74 68 5f 77 72 69 74 65 00 04 00 04 00
ed
01 09 00 0a 00 00 00 0a 00 00 00 00 00 00 00 64 65 70 74 68 5f 66 75 6e 63 00 00 04 00 04 00
e9 01 09 00
0a 00 00 00 0a 00 00 00 00 00 00 00 64 65 70 74 68 5f 62 69 61 73 00 00 06 00 04 00
e5
01 0f 00 14 00 00 00 14 00 00 00 00 00 00 00 69 74 65 72 61 74 69 6f 6e 5f 64 65 70 74 68 5f 62 69 61 73 00 00 00 00 00 00 00 00 04 00 06 00
df 01 08
00 0b 00 00 00 0b 00 00 00 00 00 00 00 61 6c 77 61 79 73 5f 66 61 69 6c 00 04 00 04 00
db
01 08 00 0b 00 00 00 0b 00 00 00 00 00 00 00 61 6c 77 61 79 73 5f 70 61 73 73 00 04 00 04 00
d7
01 09 00 0a 00 00 00 0a 00 00 00 00 00 00 00 6c 65 73 73 5f 65 71 75 61 6c 00 00 04 00 04 00
d3 01
0f 00 04 00 00 00 04 00 00 00 00 00 00 00 6c 65 73 73 00 00 00 00 00 00 00 00 04 00 04 00
cf 01
0e 00 05 00 00 00 05 00 00 00 00 00 00 00 65 71 75 61 6c 00 00 00 00 00 00 00 04 00 04 00
cb
01 0a 00 09 00 00 00 09 00 00 00 00 00 00 00 6e 6f 74 5f 65 71 75 61 6c 00 00 00 05 00 04 00
c7
01 0e 00 0d 00 00 00 0d 00 00 00 00 00 00 00 67 72 65 61 74 65 72 5f 65 71 75 61 6c 00 00 00 00 00 00 00 04 00 05 00
c0 01
0c 00 07 00 00 00 07 00 00 00 00 00 00 00 67 72 65 61 74 65 72 00 00 00 00 00 05 00 04 00 3c 01 0c 00 0f 00 00 00 0f 00 00 00 00 00 00 00 61 6c 70 68 61 5f 72 65 6a 65 63 74 69 6f 6e 00 00 00 00 00 05 00 05 00 39 01 0a 00 11 00 00 00 11 00 00 00 00 00 00 00 61 6c 70 68 61 5f 74 6f 5f 63 6f 76 65 72 61 67 65 00 00 00 05 00 05 00 32 01 0e 00 0d 00 00 00 0d 00 00 00 00 00 00 00 6c 69 67 68 74 5f 73 63 69 73 73 6f 72 00 00 00 00 00 00 00 05 00 05 00 2f 01 0a 00 11 00 00 00 11 00 00 00 00 00 00 00 6c 69 67 68 74 5f 63 6c 69 70 5f 70 6c 61 6e 65 73 00 00 00 05 00 05 00 28 01 08 00 13 00 00 00 13 00 00 00 00 00 00 00 74 72 61 6e 73 70 61 72 65 6e 74 5f 73 6f 72 74 69 6e 67 00 05 00 05 00 25 01 09 00 12 00 00 00 12 00 00 00 00 00 00 00 69 6c 6c 75 6d 69 6e 61 74 69 6f 6e 5f 73 74 61 67 65 00 00 04 00 05 00 1e 01 0e 00 05 00 00 00 05 00 00 00 00 00 00 00 64 65 63 61 6c 00 00 00 00 00 00 00 05 00 04 00 1a 01 0e 00 0d 00 00 00 0d 00 00 00 00 00 00 00 63 75 6c 6c 5f 68 61 72 64 77 61 72 65 00 00 00 00 00 00 00 04 00 05 00 17 01 0a 00 09 00 00 00 09 00 00 00 00 00 00 00 63 6c 6f 63 6b 77 69 73 65 00 00 00 05 00 04 00 13 01 0e 00 0d 00 00 00 0d 00 00 00 00 00 00 00 61 6e 74 69 63 6c 6f 63 6b 77 69 73 65 00 00 00 00 00 00 00 05 00 05 00 0c 01 0e 00 0d 00 00 00 0d 00 00 00 00 00 00 00 63 75 6c 6c 5f 73 6f 66 74 77 61 72 65 00 00 00 00 00 00 00 04 00 05 00 09 01 0f 00 04 00 00 00 04 00 00 00 00 00 00 00 62 61 63 6b 00 00 00 00 00 00 00 00 04 00 04 00 05 01 0e 00 05 00 00 00 05 00 00 00 00 00 00 00 66 72 6f 6e 74 00 00 00 00 00 00 00 05 00 04 00 01 01 0a 00 11 00 00 00 11 00 00 00 00 00 00 00 6e 6f 72 6d 61 6c 69 73 65 5f 6e 6f 72 6d 61 6c 73 00 00 00 04 00 05 00 7a 01 0b 00 08 00 00 00 08 00 00 00 00 00 00 00 6c 69 67 68 74 69 6e 67 00 00 00 00 04 00 04 00 76 01 0c 00 07 00 00 00 07 00 00 00 00 00 00 00 73 68 61 64 69 6e 67 00 00 00 00 00 04 00 04 00 72 01 0f 00 04 00 00 00 04 00 00 00 00 00 00 00 66 6c 61 74 00 00 00 00 00 00 00 00 04 00 04 00 6e 01 0c 00 07 00 00 00 07 00 00 00 00 00 00 00 67 6f 75 72 61 75 64 00 00 00 00 00 04 00 04 00 6a 01 0e 00 05 00 00 00 05 00 00 00 00 00 00 00 70 68 6f 6e 67 00 00 00 00 00 00 00 05 00 04 00 66 01 0f 00 0c 00 00 00 0c 00 00 00 00 00 00 00 70 6f 6c 79 67 6f 6e 5f 6d 6f 64 65 00 00 00 00 00 00 00 00 04 00 05 00 63 01 0e 00 05 00 00 00 05 00 00 00 00 00 00 00 73 6f 6c 69 64 00 00 00 00 00 00 00 04 00 04 00 5f 01 0a 00 09 00 00 00 09 00 00 00 00 00 00 00 77 69 72 65 66 72 61 6d 65 00 00 00 04 00 04 00 5b 01 0d 00 06 00 00 00 06 00 00 00 00 00 00 00 70 6f 69 6e 74 73 00 00 00 00 00 00 06 00 04 00 57 01 0a 00 19 00 00 00 19 00 00 00 00 00 00 00 70 6f 6c 79 67 6f 6e 5f 6d 6f 64 65 5f 6f 76 65 72 72 69 64 65 61 62 6c 65 00 00 00 05 00 06 00 51 01 0f 00 0c 00 00 00 0c 00 00 00 00 00 00 00 66 6f 67 5f 6f 76 65 72 72 69 64 65 00 00 00 00 00 00 00 00 04 00 05 00 4a 01 0f 00 04 00 00 00 04 00 00 00 00 00 00 00 6e 6f 6e 65 00 00 00 00 00 00 00 00 04 00 04 00 46 01 0d 00 06 00 00 00 06 00 00 00 00 00 00 00 6c 69 6e 65 61 72 00 00 00 00 00 00 03 00 04 00 42 01 08 00 03 00 00 00 03 00 00 00 00 00 00 00 65 78 70 00 04 00 03 00 41 01 0f 00 04 00 00 00 04 00 00 00 00 00 00 00 65 78 70 32 00 00 00 00 00 00 00 00 05 00 04 00
bd 01
0f 00 0c 00 00 00 0c 00 00 00 00 00 00 00 63 6f 6c 6f 75 72 5f 77 72 69 74 65 00 00 00 00 00 00 00 00 04 00 05 00
b6
01 09 00 0a 00 00 00 0a 00 00 00 00 00 00 00 6d 61 78 5f 6c 69 67 68 74 73 00 00 04 00 04 00
b2 01
08 00 0b 00 00 00 0b 00 00 00 00 00 00 00 73 74 61 72 74 5f 6c 69 67 68 74 00 04 00 04 00
ae 01
0a 00 09 00 00 00 09 00 00 00 00 00 00 00 69 74 65 72 61 74 69 6f 6e 00 00 00 04 00 04 00
aa 01
0f 00 04 00 00 00 04 00 00 00 00 00 00 00 6f 6e 63 65 00 00 00 00 00 00 00 00 05 00 04 00
a6
01 0d 00 0e 00 00 00 0e 00 00 00 00 00 00 00 6f 6e 63 65 5f 70 65 72 5f 6c 69 67 68 74 00 00 00 00 00 00 05 00 05 00
a3 01
0f 00 0c 00 00 00 0c 00 00 00 00 00 00 00 70 65 72 5f 6e 5f 6c 69 67 68 74 73 00 00 00 00 00 00 00 00 04 00 05 00 9c 01 0a 00 09 00 00 00 09 00 00 00 00 00 00 00 70 65 72 5f 6c 69 67 68 74 00 00 00 04 00 04 00 98 01 0e 00 05 00 00 00 05 00 00 00 00 00 00 00 70 6f 69 6e 74 00 00 00 00 00 00 00 04 00 04 00 94 01 0f 00 04 00 00 00 04 00 00 00 00 00 00 00 73 70 6f 74 00 00 00 00 00 00 00 00 04 00 04 00 90 01 08 00 0b 00 00 00 0b 00 00 00 00 00 00 00 64 69 72 65 63 74 69 6f 6e 61 6c 00 04 00 04 00 8c 01 09 00 0a 00 00 00 0a 00 00 00 00 00 00 00 70 6f 69 6e 74 5f 73 69 7a 65 00 00 05 00 04 00 88 01 0e 00 0d 00 00 00 0d 00 00 00 00 00 00 00 70 6f 69 6e 74 5f 73 70 72 69 74 65 73 00 00 00 00 00 00 00 05 00 05 00 85 01 0d 00 0e 00 00 00 0e 00 00 00 00 00 00 00 70 6f 69 6e 74 5f 73 69 7a 65 5f 6d 69 6e 00 00 00 00 00 00 05 00 05 00
fe 01 0d
00 0e 00 00 00 0e 00 00 00 00 00 00 00 70 6f 69 6e 74 5f 73 69 7a 65 5f 6d 61 78 00 00 00 00 00 00 06 00 05 00
fb
01 0d 00 16 00 00 00 16 00 00 00 00 00 00 00 70 6f 69 6e 74 5f 73 69 7a 65 5f 61 74 74 65 6e 75 61 74 69 6f 6e 00 00 00 00 00 00 05 00 06 00
f5
01 0e 00 0d 00 00 00 0d 00 00 00 00 00 00 00 74 65 78 74 75 72 65 5f 61 6c 69 61 73 00 00 00 00 00 00 00 04 00 05 00
ee 01 0c
00 07 00 00 00 07 00 00 00 00 00 00 00 74 65 78 74 75 72 65 00 00 00 00 00 03 00 04 00
ea 01 09
00 02 00 00 00 02 00 00 00 00 00 00 00 31 64 00 00 03 00 03 00
e9 01 09 00
02 00 00 00 02 00 00 00 00 00 00 00 32 64 00 00 03 00 03 00
e4
01 09 00 02 00 00 00 02 00 00 00 00 00 00 00 33 64 00 00 04 00 03 00
e3
01 0e 00 05 00 00 00 05 00 00 00 00 00 00 00 63 75 62 69 63 00 00 00 00 00 00 00 04 00 04 00
df 01 0a
00 09 00 00 00 09 00 00 00 00 00 00 00 75 6e 6c 69 6d 69 74 65 64 00 00 00 04 00 04 00
db
01 0e 00 05 00 00 00 05 00 00 00 00 00 00 00 61 6c 70 68 61 00 00 00 00 00 00 00 04 00 04 00
d7
01 0e 00 05 00 00 00 05 00 00 00 00 00 00 00 67 61 6d 6d 61 00 00 00 00 00 00 00 05 00 04 00
d3 01
0f 00 0c 00 00 00 0c 00 00 00 00 00 00 00 61 6e 69 6d 5f 74 65 78 74 75 72 65 00 00 00 00 00 00 00 00 05 00 05 00
cc
01 0e 00 0d 00 00 00 0d 00 00 00 00 00 00 00 63 75 62 69 63 5f 74 65 78 74 75 72 65 00 00 00 00 00 00 00 04 00 05 00
c9 01
09 00 0a 00 00 00 0a 00 00 00 00 00 00 00 73 65 70 61 72 61 74 65 55 56 00 00 04 00 04 00
c5
01 08 00 0b 00 00 00 0b 00 00 00 00 00 00 00 63 6f 6d 62 69 6e 65 64 55 56 57 00 05 00 04 00
c1 01
0e 00 0d 00 00 00 0d 00 00 00 00 00 00 00 74 65 78 5f 63 6f 6f 72 64 5f 73 65 74 00 00 00 00 00 00 00 05 00 05 00 3a 01 0b 00 10 00 00 00 10 00 00 00 00 00 00 00 74 65 78 5f 61 64 64 72 65 73 73 5f 6d 6f 64 65 00 00 00 00 04 00 05 00 37 01 0f 00 04 00 00 00 04 00 00 00 00 00 00 00 77 72 61 70 00 00 00 00 00 00 00 00 04 00 04 00 33 01 0e 00 05 00 00 00 05 00 00 00 00 00 00 00 63 6c 61 6d 70 00 00 00 00 00 00 00 04 00 04 00 2f 01 0d 00 06 00 00 00 06 00 00 00 00 00 00 00 6d 69 72 72 6f 72 00 00 00 00 00 00 04 00 04 00 2b 01 0d 00 06 00 00 00 06 00 00 00 00 00 00 00 62 6f 72 64 65 72 00 00 00 00 00 00 05 00 04 00 27 01 0a 00 11 00 00 00 11 00 00 00 00 00 00 00 74 65 78 5f 62 6f 72 64 65 72 5f 63 6f 6c 6f 75 72 00 00 00 04 00 05 00 20 01 0a 00 09 00 00 00 09 00 00 00 00 00 00 00 66 69 6c 74 65 72 69 6e 67 00 00 00 04 00 04 00 1c 01 0b 00 08 00 00 00 08 00 00 00 00 00 00 00 62 69 6c 69 6e 65 61 72 00 00 00 00 04 00 04 00 18 01 0a 00 09 00 00 00 09 00 00 00 00 00 00 00 74 72 69 6c 69 6e 65 61 72 00 00 00 04 00 04 00 14 01 08 00 0b 00 00 00 0b 00 00 00 00 00 00 00 61 6e 69 73 6f 74 72 6f 70 69 63 00 05 00 04 00 10 01 0d 00 0e 00 00 00 0e 00 00 00 00 00 00 00 6d 61 78 5f 61 6e 69 73 6f 74 72 6f 70 79 00 00 00 00 00 00 04 00 05 00 0d 01 08 00 0b 00 00 00 0b 00 00 00 00 00 00 00 6d 69 70 6d 61 70 5f 62 69 61 73 00 04 00 04 00 09 01 0a 00 09 00 00 00 09 00 00 00 00 00 00 00 63 6f 6c 6f 75 72 5f 6f 70 00 00 00 04 00 04 00 05 01 0c 00 07 00 00 00 07 00 00 00 00 00 00 00 72 65 70 6c 61 63 65 00 00 00 00 00 03 00 04 00 01 01 08 00 03 00 00 00 03 00 00 00 00 00 00 00 61 64 64 00 04 00 03 00 7c 01 0b 00 08 00 00 00 08 00 00 00 00 00 00 00 6d 6f 64 75 6c 61 74 65 00 00 00 00 04 00 04 00 78 01 08 00 0b 00 00 00 0b 00 00 00 00 00 00 00 61 6c 70 68 61 5f 62 6c 65 6e 64 00 05 00 04 00 74 01 0f 00 0c 00 00 00 0c 00 00 00 00 00 00 00 63 6f 6c 6f 75 72 5f 6f 70 5f 65 78 00 00 00 00 00 00 00 00 04 00 05 00 71 01 0c 00 07 00 00 00 07 00 00 00 00 00 00 00 73 6f 75 72 63 65 31 00 00 00 00 00 04 00 04 00 6d 01 0c 00 07 00 00 00 07 00 00 00 00 00 00 00 73 6f 75 72 63 65 32 00 00 00 00 00 04 00 04 00 69 01 08 00 0b 00 00 00 0b 00 00 00 00 00 00 00 6d 6f 64 75 6c 61 74 65 5f 78 32 00 04 00 04 00 65 01 08 00 0b 00 00 00 0b 00 00 00 00 00 00 00 6d 6f 64 75 6c 61 74 65 5f 78 34 00 03 00 04 00 61 01 08 00 03 00 00 00 03 00 00 00 00 00 00 00 75 76 30 00 04 00 03 00 5c 01 09 00 0a 00 00 00 0a 00 00 00 00 00 00 00 61 64 64 5f 73 69 67 6e 65 64 00 00 04 00 04 00 58 01 09 00 0a 00 00 00 0a 00 00 00 00 00 00 00 61 64 64 5f 73 6d 6f 6f 74 68 00 00 04 00 04 00 54 01 0b 00 08 00 00 00 08 00 00 00 00 00 00 00 73 75 62 74 72 61 63 74 00 00 00 00 05 00 04 00 50 01 08 00 13 00 00 00 13 00 00 00 00 00 00 00 62 6c 65 6e 64 5f 64 69 66 66 75 73 65 5f 61 6c 70 68 61 00 05 00 05 00 4d 01 08 00 13 00 00 00 13 00 00 00 00 00 00 00 62 6c 65 6e 64 5f 74 65 78 74 75 72 65 5f 61 6c 70 68 61 00 05 00 05 00 46 01 08 00 13 00 00 00 13 00 00 00 00 00 00 00 62 6c 65 6e 64 5f 63 75 72 72 65 6e 74 5f 61 6c 70 68 61 00 05 00 05 00 43 01 0f 00 0c 00 00 00 0c 00 00 00 00 00 00 00 62 6c 65 6e 64 5f 6d 61 6e 75 61 6c 00 00 00 00 00 00 00 00 04 00 05 00
bc 01 09
00 0a 00 00 00 0a 00 00 00 00 00 00 00 64 6f 74 70 72 6f 64 75 63 74 00 00 06 00 04 00
b8 01 0f 00
14 00 00 00 14 00 00 00 00 00 00 00 62 6c 65 6e 64 5f 64 69 66 66 75 73 65 5f 63 6f 6c 6f 75 72 00 00 00 00 00 00 00 00 04 00 06 00
b2 01
08 00 0b 00 00 00 0b 00 00 00 00 00 00 00 73 72 63 5f 63 75 72 72 65 6e 74 00 04 00 04 00
ae 01
08 00 0b 00 00 00 0b 00 00 00 00 00 00 00 73 72 63 5f 74 65 78 74 75 72 65 00 04 00 04 00
aa 01
08 00 0b 00 00 00 0b 00 00 00 00 00 00 00 73 72 63 5f 64 69 66 66 75 73 65 00 05 00 04 00
a6
01 0f 00 0c 00 00 00 0c 00 00 00 00 00 00 00 73 72 63 5f 73 70 65 63 75 6c 61 72 00 00 00 00 00 00 00 00 04 00 05 00
a3 01
09 00 0a 00 00 00 0a 00 00 00 00 00 00 00 73 72 63 5f 6d 61 6e 75 61 6c 00 00 07 00 04 00 9f 01 0f 00 1c 00 00 00 1c 00 00 00 00 00 00 00 63 6f 6c 6f 75 72 5f 6f 70 5f 6d 75 6c 74 69 70 61 73 73 5f 66 61 6c 6c 62 61 63 6b 00 00 00 00 00 00 00 00 04 00 07 00 96 01 08 00 0b 00 00 00 0b 00 00 00 00 00 00 00 61 6c 70 68 61 5f 6f 70 5f 65 78 00 04 00 04 00 92 01 0c 00 07 00 00 00 07 00 00 00 00 00 00 00 65 6e 76 5f 6d 61 70 00 00 00 00 00 04 00 04 00 8e 01 0a 00 09 00 00 00 09 00 00 00 00 00 00 00 73 70 68 65 72 69 63 61 6c 00 00 00 04 00 04 00 8a 01 0d 00 06 00 00 00 06 00 00 00 00 00 00 00 70 6c 61 6e 61 72 00 00 00 00 00 00 05 00 04 00 86 01 0b 00 10 00 00 00 10 00 00 00 00 00 00 00 63 75 62 69 63 5f 72 65 66 6c 65 63 74 69 6f 6e 00 00 00 00 05 00 05 00 83 01 0f 00 0c 00 00 00 0c 00 00 00 00 00 00 00 63 75 62 69 63 5f 6e 6f 72 6d 61 6c 00 00 00 00 00 00 00 00 04 00 05 00
fc
01 0d 00 06 00 00 00 06 00 00 00 00 00 00 00 73 63 72 6f 6c 6c 00 00 00 00 00 00 04 00 04 00
f8 01
08 00 0b 00 00 00 0b 00 00 00 00 00 00 00 73 63 72 6f 6c 6c 5f 61 6e 69 6d 00 04 00 04 00
f4 01 0d
00 06 00 00 00 06 00 00 00 00 00 00 00 72 6f 74 61 74 65 00 00 00 00 00 00 04 00 04 00
f0 01 08 00
0b 00 00 00 0b 00 00 00 00 00 00 00 72 6f 74 61 74 65 5f 61 6e 69 6d 00 04 00 04 00
ec 01 0e
00 05 00 00 00 05 00 00 00 00 00 00 00 73 63 61 6c 65 00 00 00 00 00 00 00 04 00 04 00
e8 01 09
00 0a 00 00 00 0a 00 00 00 00 00 00 00 77 61 76 65 5f 78 66 6f 72 6d 00 00 04 00 04 00
e4
01 0b 00 08 00 00 00 08 00 00 00 00 00 00 00 73 63 72 6f 6c 6c 5f 78 00 00 00 00 04 00 04 00
e0
01 0b 00 08 00 00 00 08 00 00 00 00 00 00 00 73 63 72 6f 6c 6c 5f 79 00 00 00 00 04 00 04 00
dc 01
0c 00 07 00 00 00 07 00 00 00 00 00 00 00 73 63 61 6c 65 5f 78 00 00 00 00 00 04 00 04 00
d8 01
0c 00 07 00 00 00 07 00 00 00 00 00 00 00 73 63 61 6c 65 5f 79 00 00 00 00 00 04 00 04 00
d4
01 0f 00 04 00 00 00 04 00 00 00 00 00 00 00 73 69 6e 65 00 00 00 00 00 00 00 00 04 00 04 00
d0
01 0b 00 08 00 00 00 08 00 00 00 00 00 00 00 74 72 69 61 6e 67 6c 65 00 00 00 00 04 00 04 00
cc
01 0b 00 08 00 00 00 08 00 00 00 00 00 00 00 73 61 77 74 6f 6f 74 68 00 00 00 00 04 00 04 00
c8
01 0d 00 06 00 00 00 06 00 00 00 00 00 00 00 73 71 75 61 72 65 00 00 00 00 00 00 05 00 04 00
c4
01 0b 00 10 00 00 00 10 00 00 00 00 00 00 00 69 6e 76 65 72 73 65 5f 73 61 77 74 6f 6f 74 68 00 00 00 00 04 00 05 00
c1 01
0a 00 09 00 00 00 09 00 00 00 00 00 00 00 74 72 61 6e 73 66 6f 72 6d 00 00 00 05 00 04 00 3d 01 0f 00 0c 00 00 00 0c 00 00 00 00 00 00 00 62 69 6e 64 69 6e 67 5f 74 79 70 65 00 00 00 00 00 00 00 00 04 00 05 00 36 01 0d 00 06 00 00 00 06 00 00 00 00 00 00 00 76 65 72 74 65 78 00 00 00 00 00 00 04 00 04 00 32 01 0b 00 08 00 00 00 08 00 00 00 00 00 00 00 66 72 61 67 6d 65 6e 74 00 00 00 00 05 00 04 00 2e 01 0f 00 0c 00 00 00 0c 00 00 00 00 00 00 00 63 6f 6e 74 65 6e 74 5f 74 79 70 65 00 00 00 00 00 00 00 00 04 00 05 00 2b 01 0e 00 05 00 00 00 05 00 00 00 00 00 00 00 6e 61 6d 65 64 00 00 00 00 00 00 00 04 00 04 00 27 01 0d 00 06 00 00 00 06 00 00 00 00 00 00 00 73 68 61 64 6f 77 00 00 00 00 00 00 05 00 04 00 23 01 0d 00 0e 00 00 00 0e 00 00 00 00 00 00 00 74 65 78 74 75 72 65 5f 73 6f 75 72 63 65 00 00 00 00 00 00 05 00 05 00 1c 01 0e 00 0d 00 00 00 0d 00 00 00 00 00 00 00 73 68 61 72 65 64 5f 70 61 72 61 6d 73 00 00 00 00 00 00 00 05 00 05 00 19 01 09 00 12 00 00 00 12 00 00 00 00 00 00 00 73 68 61 72 65 64 5f 70 61 72 61 6d 5f 6e 61 6d 65 64 00 00 05 00 05 00 12 01 0a 00 11 00 00 00 11 00 00 00 00 00 00 00 73 68 61 72 65 64 5f 70 61 72 61 6d 73 5f 72 65 66 00 00 00 05 00 05 00 0f 01 0c 00 0f 00 00 00 0f 00 00 00 00 00 00 00 70 61 72 74 69 63 6c 65 5f 73 79 73 74 65 6d 00 00 00 00 00 04 00 05 00 08 01 0c 00 07 00 00 00 07 00 00 00 00 00 00 00 65 6d 69 74 74 65 72 00 00 00 00 00 04 00 04 00 04 01 0b 00 08 00 00 00 08 00 00 00 00 00 00 00 61 66 66 65 63 74 6f 72 00 00 00 00 04 00 04 00 00 01 09 00 0a 00 00 00 0a 00 00 00 00 00 00 00 63 6f 6d 70 6f 73 69 74 6f 72 00 00 04 00 04 00 7c 01 0d 00 06 00 00 00 06 00 00 00 00 00 00 00 74 61 72 67 65 74 00 00 00 00 00 00 05 00 04 00 78 01 0e 00 0d 00 00 00 0d 00 00 00 00 00 00 00 74 61 72 67 65 74 5f 6f 75 74 70 75 74 00 00 00 00 00 00 00 04 00 05 00 75 01 0e 00 05 00 00 00 05 00 00 00 00 00 00 00 69 6e 70 75 74 00 00 00 00 00 00 00 04 00 04 00 71 01 0b 00 08 00 00 00 08 00 00 00 00 00 00 00 70 72 65 76 69 6f 75 73 00 00 00 00 05 00 04 00 6d 01 0f 00 0c 00 00 00 0c 00 00 00 00 00 00 00 74 61 72 67 65 74 5f 77 69 64 74 68 00 00 00 00 00 00 00 00 05 00 05 00 66 01 0e 00 0d 00 00 00 0d 00 00 00 00 00 00 00 74 61 72 67 65 74 5f 68 65 69 67 68 74 00 00 00 00 00 00 00 05 00 05 00 63 01 08 00 13 00 00 00 13 00 00 00 00 00 00 00 74 61 72 67 65 74 5f 77 69 64 74 68 5f 73 63 61 6c 65 64 00 06 00 05 00 5c 01 0f 00 14 00 00 00 14 00 00 00 00 00 00 00 74 61 72 67 65 74 5f 68 65 69 67 68 74 5f 73 63 61 6c 65 64 00 00 00 00 00 00 00 00 04 00 06 00 56 01 0d 00 06 00 00 00 06 00 00 00 00 00 00 00 70 6f 6f 6c 65 64 00 00 00 00 00 00 04 00 04 00 52 01 0c 00 07 00 00 00 07 00 00 00 00 00 00 00 6e 6f 5f 66 73 61 61 00 00 00 00 00 04 00 04 00 4e 01 08 00 0b 00 00 00 0b 00 00 00 00 00 00 00 74 65 78 74 75 72 65 5f 72 65 66 00 04 00 04 00 4a 01 08 00 0b 00 00 00 0b 00 00 00 00 00 00 00 6c 6f 63 61 6c 5f 73 63 6f 70 65 00 04 00 04 00 46 01 08 00 0b 00 00 00 0b 00 00 00 00 00 00 00 63 68 61 69 6e 5f 73 63 6f 70 65 00 05 00 04 00 42 01 0f 00 0c 00 00 00 0c 00 00 00 00 00 00 00 67 6c 6f 62 61 6c 5f 73 63 6f 70 65 00 00 00 00 00 00 00 00 05 00 05 00
bf 01
0b 00 10 00 00 00 10 00 00 00 00 00 00 00 63 6f 6d 70 6f 73 69 74 6f 72 5f 6c 6f 67 69 63 00 00 00 00 05 00 05 00
b8 01 0f 00
0c 00 00 00 0c 00 00 00 00 00 00 00 6f 6e 6c 79 5f 69 6e 69 74 69 61 6c 00 00 00 00 00 00 00 00 05 00 05 00
b5 01
0c 00 0f 00 00 00 0f 00 00 00 00 00 00 00 76 69 73 69 62 69 6c 69 74 79 5f 6d 61 73 6b 00 00 00 00 00 04 00 05 00
ae 01
0b 00 08 00 00 00 08 00 00 00 00 00 00 00 6c 6f 64 5f 62 69 61 73 00 00 00 00 05 00 04 00
aa 01
0c 00 0f 00 00 00 0f 00 00 00 00 00 00 00 6d 61 74 65 72 69 61 6c 5f 73 63 68 65 6d 65 00 00 00 00 00 04 00 05 00
a7
01 0c 00 07 00 00 00 07 00 00 00 00 00 00 00 73 68 61 64 6f 77 73 00 00 00 00 00 04 00 04 00
a3 01
0e 00 05 00 00 00 05 00 00 00 00 00 00 00 63 6c 65 61 72 00 00 00 00 00 00 00 04 00 04 00 9f 01 0c 00 07 00 00 00 07 00 00 00 00 00 00 00 73 74 65 6e 63 69 6c 00 00 00 00 00 05 00 04 00 9b 01 0f 00 0c 00 00 00 0c 00 00 00 00 00 00 00 72 65 6e 64 65 72 5f 73 63 65 6e 65 00 00 00 00 00 00 00 00 04 00 05 00 94 01 08 00 0b 00 00 00 0b 00 00 00 00 00 00 00 72 65 6e 64 65 72 5f 71 75 61 64 00 04 00 04 00 90 01 09 00 0a 00 00 00 0a 00 00 00 00 00 00 00 69 64 65 6e 74 69 66 69 65 72 00 00 05 00 04 00 8c 01 09 00 12 00 00 00 12 00 00 00 00 00 00 00 66 69 72 73 74 5f 72 65 6e 64 65 72 5f 71 75 65 75 65 00 00 05 00 05 00 89 01 0a 00 11 00 00 00 11 00 00 00 00 00 00 00 6c 61 73 74 5f 72 65 6e 64 65 72 5f 71 75 65 75 65 00 00 00 05 00 05 00 82 01 0f 00 0c 00 00 00 0c 00 00 00 00 00 00 00 71 75 61 64 5f 6e 6f 72 6d 61 6c 73 00 00 00 00 00 00 00 00 07 00 05 00
ff
01 0e 00 1d 00 00 00 1d 00 00 00 00 00 00 00 63 61 6d 65 72 61 5f 66 61 72 5f 63 6f 72 6e 65 72 73 5f 76 69 65 77 5f 73 70 61 63 65 00 00 00 00 00 00 00 07 00 07 00
f6 01
0d 00 1e 00 00 00 1e 00 00 00 00 00 00 00 63 61 6d 65 72 61 5f 66 61 72 5f 63 6f 72 6e 65 72 73 5f 77 6f 72 6c 64 5f 73 70 61 63 65 00 00 00 00 00 00 04 00 07 00
f1 01 0c 00
07 00 00 00 07 00 00 00 00 00 00 00 62 75 66 66 65 72 73 00 00 00 00 00 04 00 04 00
ed
01 0d 00 06 00 00 00 06 00 00 00 00 00 00 00 63 6f 6c 6f 75 72 00 00 00 00 00 00 04 00 04 00
e9 01 0e 00
05 00 00 00 05 00 00 00 00 00 00 00 64 65 70 74 68 00 00 00 00 00 00 00 05 00 04 00
e5
01 0f 00 0c 00 00 00 0c 00 00 00 00 00 00 00 63 6f 6c 6f 75 72 5f 76 61 6c 75 65 00 00 00 00 00 00 00 00 04 00 05 00
de 01 08
00 0b 00 00 00 0b 00 00 00 00 00 00 00 64 65 70 74 68 5f 76 61 6c 75 65 00 05 00 04 00
da 01
0e 00 0d 00 00 00 0d 00 00 00 00 00 00 00 73 74 65 6e 63 69 6c 5f 76 61 6c 75 65 00 00 00 00 00 00 00 04 00 05 00
d7
01 0e 00 05 00 00 00 05 00 00 00 00 00 00 00 63 68 65 63 6b 00 00 00 00 00 00 00 04 00 04 00
d3 01
0a 00 09 00 00 00 09 00 00 00 00 00 00 00 63 6f 6d 70 5f 66 75 6e 63 00 00 00 04 00 04 00
cf 01
0a 00 09 00 00 00 09 00 00 00 00 00 00 00 72 65 66 5f 76 61 6c 75 65 00 00 00 04 00 04 00
cb
01 0f 00 04 00 00 00 04 00 00 00 00 00 00 00 6d 61 73 6b 00 00 00 00 00 00 00 00 04 00 04 00
c7
01 0c 00 07 00 00 00 07 00 00 00 00 00 00 00 66 61 69 6c 5f 6f 70 00 00 00 00 00 04 00 04 00
c3
01 0f 00 04 00 00 00 04 00 00 00 00 00 00 00 6b 65 65 70 00 00 00 00 00 00 00 00 04 00 04 00 3f 01 0a 00 09 00 00 00 09 00 00 00 00 00 00 00 69 6e 63 72 65 6d 65 6e 74 00 00 00 04 00 04 00 3b 01 0a 00 09 00 00 00 09 00 00 00 00 00 00 00 64 65 63 72 65 6d 65 6e 74 00 00 00 05 00 04 00 37 01 0d 00 0e 00 00 00 0e 00 00 00 00 00 00 00 69 6e 63 72 65 6d 65 6e 74 5f 77 72 61 70 00 00 00 00 00 00 05 00 05 00 30 01 0d 00 0e 00 00 00 0e 00 00 00 00 00 00 00 64 65 63 72 65 6d 65 6e 74 5f 77 72 61 70 00 00 00 00 00 00 04 00 05 00 2d 01 0d 00 06 00 00 00 06 00 00 00 00 00 00 00 69 6e 76 65 72 74 00 00 00 00 00 00 05 00 04 00 29 01 0e 00 0d 00 00 00 0d 00 00 00 00 00 00 00 64 65 70 74 68 5f 66 61 69 6c 5f 6f 70 00 00 00 00 00 00 00 04 00 05 00 22 01 0c 00 07 00 00 00 07 00 00 00 00 00 00 00 70 61 73 73 5f 6f 70 00 00 00 00 00 04 00 04 00 1e 01 0a 00 09 00 00 00 09 00 00 00 00 00 00 00 74 77 6f 5f 73 69 64 65 64 00 00 00 08 00 04 00 1a 01 08 00 78
d3 3f
00 01 00 00 00 04 00 00 00 00 00 00 00 01 00 01 00 00 00 00 00 00 00 00 00 50 04 7d 02 02 00 00 00 01 00 00 00 00 00 00 00 01 00 01 00 00 00 00 00 00 00 00 00 06 00 08 00 12 01 09 00 1a 00 00 00 1a 00 00 00 01 00 00 00 4f 70 65 6e 47 4c 20 52 65 6e 64 65 72 69 6e 67 20 53 75 62 73 79 73 74 65 6d 00 00 07 00 06 00 0c 01 08 00 03 00 00 00 00 00 00 00 28
f9
3f 00 02 00 00 00 02 00 00 00 90 4d 24 00
ff
ff
ff
ff
00 00 00 00 00 00 00 00 00 00 00 00 00 00 00 00 65 6d 00 00 05 00 07 00 07 01 08 00 13 00 00 00 13 00 00 00 01 00 00 00 52 65 6e 64 65 72 53 79 73 74 65 6d 5f 47 4c 2e 64 6c 6c 00 04 00 05 00 00 01 0f 00 04 00 00 00 04 00 00 00 01 00 00 00 67 6c 73 6c 00 00 00 00 00 00 00 00 11 00 04 00 7c 01 08 00 00 00 00 00 78 01 3f 00 00 00 00 00 00 00 00 00 00 00 00 00 00 00 00 00 00 00 00 00 00 00 00 00 00 00 00 00 00 00 00 00 00 00 00 00 00 00 00 00 00 00 00 00 00 00 00 00 00 00 00 00 00 00 00 00 00 00 00 00 00 00 00 00 00 00 00 00 00 00 00 00 00 00 00 00 00 00 00 00 00 00 00 00 00 00 00 00 00 00 00 00 00 00 00 00 00 00 00 00 00 00 00 00 00 00 00 00 00 00 00 00 00 00 00 00 00 00 00 00 21 00 11 00 6d 01 08 00 00 00 00 00 30 10 00 00 1c 0f 0f 7f 06 01 03 03 48 15 00 00 8b 16 00 00
e2
17 00 00 4d 19 00 00
cf 1a
00 00 67 1c 00 00 17 1e 00 00
e2
1f 00 00
c8
21 00 00
c9 23
00 00
ea 25 00
00 2c 28 00 00 90 10 00 00
b0 10 00
00 18 0f 0f 7f 06 01 03 03
a4 0a 00
00 45 0b 00 00
f1 0b 00 00
a6
0c 00 00 67 0d 00 00 33 0e 00 00 0b 0f 00 00
f1 0f 00 00
e4
10 00 00
e4
11 00 00
f5
12 00 00 16 14 00 00
e0
10 00 00 00 11 00 00 00 0f 0f 7f 06 01 03 03
d0
3f 00 00 98 43 00 00 9e 47 00 00
de 4b 00
00 62 50 00 00 2a 55 00 00 3c 5a 00 00 9c 5f 00 00 4a 65 00 00 4e 6b 00 00
b2 71
00 00 74 78 00 00 60 11 00 00 80 11 00 00 00 0f 0f 7f 04 01 03 03 80 32 00 00 7e 35 00 00
ac 38
00 00 0a 3c 00 00 9e 3f 00 00 66 43 00 00 68 47 00 00
a8 4b
00 00 28 50 00 00
ec 54 00
00
fa
59 00 00 54 5f 00 00 04 00 21 00 4a 01 0d 00 06 00 00 00 06 00 00 00 00 00 00 00 76 65 72 74 65 78 00 00 00 00 00 00 05 00 04 00 46 01 0f 00 0c 00 00 00 0c 00 00 00 00 00 00 00 62 6c 65 6e 64 57 65 69 67 68 74 73 00 00 00 00 00 00 00 00 04 00 05 00 43 01 0d 00 06 00 00 00 06 00 00 00 00 00 00 00 6e 6f 72 6d 61 6c 00 00 00 00 00 00 04 00 04 00
bf 01
0d 00 06 00 00 00 06 00 00 00 00 00 00 00 63 6f 6c 6f 75 72 00 00 00 00 00 00 05 00 04 00
bb 01
0b 00 10 00 00 00 10 00 00 00 00 00 00 00 73 65 63 6f 6e 64 61 72 79 5f 63 6f 6c 6f 75 72 00 00 00 00 05 00 05 00
b4 01 0f 00
0c 00 00 00 0c 00 00 00 00 00 00 00 62 6c 65 6e 64 49 6e 64 69 63 65 73 00 00 00 00 00 00 00 00 03 00 05 00
b1 01
08 00 03 00 00 00 03 00 00 00 00 00 00 00 75 76 31 00 03 00 03 00
ac 01
08 00 03 00 00 00 03 00 00 00 00 00 00 00 75 76 32 00 03 00 03 00
ab 01 08
00 03 00 00 00 03 00 00 00 00 00 00 00 75 76 33 00 03 00 03 00
a6
01 08 00 03 00 00 00 03 00 00 00 00 00 00 00 75 76 34 00 03 00 03 00
a5 01
08 00 03 00 00 00 03 00 00 00 00 00 00 00 75 76 35 00 03 00 03 00
a0

*** Channel 01 sequence: 
aa 40
a8 11
c2
c6
a1 15
a5 05
c8
66 96
ca
00 00 00 2c 28 00 00 04 00 09 00
a2 01
0c 00 38
d5
52 64 02 00 00 00 01 00 00 00
e0
4a 24 00 00 00 00 00 00 00 00 00 04 00 04 00 9e 01 0a 00 09 00 00 00 09 00 00 00 00 00 00 00 2a 2e 70 72 6f 67 72 61 6d 00 00 00 04 00 04 00 9a 01 09 00 0a 00 00 00 0a 00 00 00 00 00 00 00 2a 2e 6d 61 74 65 72 69 61 6c 00 00 04 00 04 00 96 01 09 00 0a 00 00 00 0a 00 00 00 00 00 00 00 2a 2e 70 61 72 74 69 63 6c 65 00 00 05 00 04 00 92 01 0f 00 0c 00 00 00 0c 00 00 00 00 00 00 00 2a 2e 63 6f 6d 70 6f 73 69 74 6f 72 00 00 00 00 00 00 00 00 04 00 05 00 8f 01 0f 00 04 00 00 00 04 00 00 00 00 00 00 00 2a 2e 6f 73 00 00 00 00 00 00 00 00 03 00 04 00 8b 01 08 00 03 00 00 00 03 00 00 00 00 00 00 00 6f 66 66 00 04 00 03 00 86 01 0f 00 04 00 00 00 04 00 00 00 00 00 00 00 74 72 75 65 00 00 00 00 00 00 00 00 04 00 04 00 82 01 0e 00 05 00 00 00 05 00 00 00 00 00 00 00 66 61 6c 73 65 00 00 00 00 00 00 00 03 00 04 00
fe 01 08
00 03 00 00 00 03 00 00 00 00 00 00 00 79 65 73 00 03 00 03 00
fd 01 09
00 02 00 00 00 02 00 00 00 00 00 00 00 6e 6f 00 00 04 00 03 00
f8 01
0b 00 08 00 00 00 08 00 00 00 00 00 00 00 6d 61 74 65 72 69 61 6c 00 00 00 00 05 00 04 00
f4 01 0d
00 0e 00 00 00 0e 00 00 00 00 00 00 00 76 65 72 74 65 78 5f 70 72 6f 67 72 61 6d 00 00 00 00 00 00 05 00 05 00
f1 01 0b 00
10 00 00 00 10 00 00 00 00 00 00 00 67 65 6f 6d 65 74 72 79 5f 70 72 6f 67 72 61 6d 00 00 00 00 05 00 05 00
ea 01 0b
00 10 00 00 00 10 00 00 00 00 00 00 00 66 72 61 67 6d 65 6e 74 5f 70 72 6f 67 72 61 6d 00 00 00 00 04 00 05 00
e7
01 0a 00 09 00 00 00 09 00 00 00 00 00 00 00 74 65 63 68 6e 69 71 75 65 00 00 00 04 00 04 00
e3
01 0f 00 04 00 00 00 04 00 00 00 00 00 00 00 70 61 73 73 00 00 00 00 00 00 00 00 05 00 04 00
df 01 0f
00 0c 00 00 00 0c 00 00 00 00 00 00 00 74 65 78 74 75 72 65 5f 75 6e 69 74 00 00 00 00 00 00 00 00 05 00 05 00
d8 01
09 00 12 00 00 00 12 00 00 00 00 00 00 00 76 65 72 74 65 78 5f 70 72 6f 67 72 61 6d 5f 72 65 66 00 00 06 00 05 00
d5
01 0f 00 14 00 00 00 14 00 00 00 00 00 00 00 66 72 61 67 6d 65 6e 74 5f 70 72 6f 67 72 61 6d 5f 72 65 66 00 00 00 00 00 00 00 00 07 00 06 00
cf 01
0b 00 20 00 00 00 20 00 00 00 00 00 00 00 73 68 61 64 6f 77 5f 63 61 73 74 65 72 5f 76 65 72 74 65 78 5f 70 72 6f 67 72 61 6d 5f 72 65 66 00 00 00 00 07 00 07 00
c6
01 09 00 22 00 00 00 22 00 00 00 00 00 00 00 73 68 61 64 6f 77 5f 72 65 63 65 69 76 65 72 5f 76 65 72 74 65 78 5f 70 72 6f 67 72 61 6d 5f 72 65 66 00 00 04 00 07 00
c1 01
09 00 0a 00 00 00 0a 00 00 00 00 00 00 00 6c 6f 64 5f 76 61 6c 75 65 73 00 00 05 00 04 00 3d 01 0f 00 0c 00 00 00 0c 00 00 00 00 00 00 00 6c 6f 64 5f 73 74 72 61 74 65 67 79 00 00 00 00 00 00 00 00 05 00 05 00 36 01 0e 00 0d 00 00 00 0d 00 00 00 00 00 00 00 6c 6f 64 5f 64 69 73 74 61 6e 63 65 73 00 00 00 00 00 00 00 05 00 05 00 33 01 0c 00 0f 00 00 00 0f 00 00 00 00 00 00 00 72 65 63 65 69 76 65 5f 73 68 61 64 6f 77 73 00 00 00 00 00 06 00 05 00 2c 01 09 00 1a 00 00 00 1a 00 00 00 00 00 00 00 74 72 61 6e 73 70 61 72 65 6e 63 79 5f 63 61 73 74 73 5f 73 68 61 64 6f 77 73 00 00 05 00 06 00 26 01 0a 00 11 00 00 00 11 00 00 00 00 00 00 00 73 65 74 5f 74 65 78 74 75 72 65 5f 61 6c 69 61 73 00 00 00 04 00 05 00 23 01 0d 00 06 00 00 00 06 00 00 00 00 00 00 00 73 6f 75 72 63 65 00 00 00 00 00 00 04 00 04 00 1f 01 0d 00 06 00 00 00 06 00 00 00 00 00 00 00 73 79 6e 74 61 78 00 00 00 00 00 00 05 00 04 00 1b 01 0d 00 0e 00 00 00 0e 00 00 00 00 00 00 00 64 65 66 61 75 6c 74 5f 70 61 72 61 6d 73 00 00 00 00 00 00 05 00 05 00 14 01 0e 00 0d 00 00 00 0d 00 00 00 00 00 00 00 70 61 72 61 6d 5f 69 6e 64 65 78 65 64 00 00 00 00 00 00 00 04 00 05 00 11 01 08 00 0b 00 00 00 0b 00 00 00 00 00 00 00 70 61 72 61 6d 5f 6e 61 6d 65 64 00 05 00 04 00 0d 01 09 00 12 00 00 00 12 00 00 00 00 00 00 00 70 61 72 61 6d 5f 69 6e 64 65 78 65 64 5f 61 75 74 6f 00 00 05 00 05 00 06 01 0b 00 10 00 00 00 10 00 00 00 00 00 00 00 70 61 72 61 6d 5f 6e 61 6d 65 64 5f 61 75 74 6f 00 00 00 00 04 00 05 00 03 01 0d 00 06 00 00 00 06 00 00 00 00 00 00 00 73 63 68 65 6d 65 00 00 00 00 00 00 04 00 04 00 7f 01 0a 00 09 00 00 00 09 00 00 00 00 00 00 00 6c 6f 64 5f 69 6e 64 65 78 00 00 00 06 00 04 00 7b 01 0d 00 16 00 00 00 16 00 00 00 00 00 00 00 73 68 61 64 6f 77 5f 63 61 73 74 65 72 5f 6d 61 74 65 72 69 61 6c 00 00 00 00 00 00 06 00 06 00 75 01 0b 00 18 00 00 00 18 00 00 00 00 00 00 00 73 68 61 64 6f 77 5f 72 65 63 65 69 76 65 72 5f 6d 61 74 65 72 69 61 6c 00 00 00 00 05 00 06 00 6f 01 0c 00 0f 00 00 00 0f 00 00 00 00 00 00 00 67 70 75 5f 76 65 6e 64 6f 72 5f 72 75 6c 65 00 00 00 00 00 05 00 05 00 68 01 0c 00 0f 00 00 00 0f 00 00 00 00 00 00 00 67 70 75 5f 64 65 76 69 63 65 5f 72 75 6c 65 00 00 00 00 00 04 00 05 00 65 01 0c 00 07 00 00 00 07 00 00 00 00 00 00 00 69 6e 63 6c 75 64 65 00 00 00 00 00 04 00 04 00 61 01 0c 00 07 00 00 00 07 00 00 00 00 00 00 00 65 78 63 6c 75 64 65 00 00 00 00 00 04 00 04 00 5d 01 0c 00 07 00 00 00 07 00 00 00 00 00 00 00 61 6d 62 69 65 6e 74 00 00 00 00 00 04 00 04 00 59 01 0c 00 07 00 00 00 07 00 00 00 00 00 00 00 64 69 66 66 75 73 65 00 00 00 00 00 04 00 04 00 55 01 0b 00 08 00 00 00 08 00 00 00 00 00 00 00 73 70 65 63 75 6c 61 72 00 00 00 00 04 00 04 00 51 01 0b 00 08 00 00 00 08 00 00 00 00 00 00 00 65 6d 69 73 73 69 76 65 00 00 00 00 05 00 04 00 4d 01 0f 00 0c 00 00 00 0c 00 00 00 00 00 00 00 76 65 72 74 65 78 63 6f 6c 6f 75 72 00 00 00 00 00 00 00 00 04 00 05 00 46 01 08 00 0b 00 00 00 0b 00 00 00 00 00 00 00 73 63 65 6e 65 5f 62 6c 65 6e 64 00 05 00 04 00 42 01 0f 00 0c 00 00 00 0c 00 00 00 00 00 00 00 63 6f 6c 6f 75 72 5f 62 6c 65 6e 64 00 00 00 00 00 00 00 00 03 00 05 00
bf 01
08 00 03 00 00 00 03 00 00 00 00 00 00 00 6f 6e 65 00 04 00 03 00
ba
01 0f 00 04 00 00 00 04 00 00 00 00 00 00 00 7a 65 72 6f 00 00 00 00 00 00 00 00 04 00 04 00
b6
01 08 00 0b 00 00 00 0b 00 00 00 00 00 00 00 64 65 73 74 5f 63 6f 6c 6f 75 72 00 04 00 04 00
b2 01
09 00 0a 00 00 00 0a 00 00 00 00 00 00 00 73 72 63 5f 63 6f 6c 6f 75 72 00 00 06 00 04 00
ae 01
0f 00 14 00 00 00 14 00 00 00 00 00 00 00 6f 6e 65 5f 6d 69 6e 75 73 5f 73 72 63 5f 63 6f 6c 6f 75 72 00 00 00 00 00 00 00 00 06 00 06 00
a8 01
0e 00 15 00 00 00 15 00 00 00 00 00 00 00 6f 6e 65 5f 6d 69 6e 75 73 5f 64 65 73 74 5f 63 6f 6c 6f 75 72 00 00 00 00 00 00 00 04 00 06 00
a2 01
09 00 0a 00 00 00 0a 00 00 00 00 00 00 00 64 65 73 74 5f 61 6c 70 68 61 00 00 04 00 04 00 9e 01 0a 00 09 00 00 00 09 00 00 00 00 00 00 00 73 72 63 5f 61 6c 70 68 61 00 00 00 06 00 04 00 9a 01 0f 00 14 00 00 00 14 00 00 00 00 00 00 00 6f 6e 65 5f 6d 69 6e 75 73 5f 64 65 73 74 5f 61 6c 70 68 61 00 00 00 00 00 00 00 00 05 00 06 00 94 01 08 00 13 00 00 00 13 00 00 00 00 00 00 00 6f 6e 65 5f 6d 69 6e 75 73 5f 73 72 63 5f 61 6c 70 68 61 00 06 00 05 00 91 01 0f 00 14 00 00 00 14 00 00 00 00 00 00 00 73 65 70 61 72 61 74 65 5f 73 63 65 6e 65 5f 62 6c 65 6e 64 00 00 00 00 00 00 00 00 05 00 06 00 8b 01 0d 00 0e 00 00 00 0e 00 00 00 00 00 00 00 73 63 65 6e 65 5f 62 6c 65 6e 64 5f 6f 70 00 00 00 00 00 00 05 00 05 00 84 01 0b 00 10 00 00 00 10 00 00 00 00 00 00 00 72 65 76 65 72 73 65 5f 73 75 62 74 72 61 63 74 00 00 00 00 03 00 05 00 81 01 08 00 03 00 00 00 03 00 00 00 00 00 00 00 6d 69 6e 00 03 00 03 00
fc
01 08 00 03 00 00 00 03 00 00 00 00 00 00 00 6d 61 78 00 06 00 03 00
fb
01 0c 00 17 00 00 00 17 00 00 00 00 00 00 00 73 65 70 61 72 61 74 65 5f 73 63 65 6e 65 5f 62 6c 65 6e 64 5f 6f 70 00 00 00 00 00 04 00 06 00
f5
01 08 00 0b 00 00 00 0b 00 00 00 00 00 00 00 64 65 70 74 68 5f 63 68 65 63 6b 00 04 00 04 00
f1 01 08 00
0b 00 00 00 0b 00 00 00 00 00 00 00 64 65 70 74 68 5f 77 72 69 74 65 00 04 00 04 00
ed
01 09 00 0a 00 00 00 0a 00 00 00 00 00 00 00 64 65 70 74 68 5f 66 75 6e 63 00 00 04 00 04 00
e9 01 09 00
0a 00 00 00 0a 00 00 00 00 00 00 00 64 65 70 74 68 5f 62 69 61 73 00 00 06 00 04 00
e5
01 0f 00 14 00 00 00 14 00 00 00 00 00 00 00 69 74 65 72 61 74 69 6f 6e 5f 64 65 70 74 68 5f 62 69 61 73 00 00 00 00 00 00 00 00 04 00 06 00
df 01 08
00 0b 00 00 00 0b 00 00 00 00 00 00 00 61 6c 77 61 79 73 5f 66 61 69 6c 00 04 00 04 00
db
01 08 00 0b 00 00 00 0b 00 00 00 00 00 00 00 61 6c 77 61 79 73 5f 70 61 73 73 00 04 00 04 00
d7
01 09 00 0a 00 00 00 0a 00 00 00 00 00 00 00 6c 65 73 73 5f 65 71 75 61 6c 00 00 04 00 04 00
d3 01
0f 00 04 00 00 00 04 00 00 00 00 00 00 00 6c 65 73 73 00 00 00 00 00 00 00 00 04 00 04 00
cf 01
0e 00 05 00 00 00 05 00 00 00 00 00 00 00 65 71 75 61 6c 00 00 00 00 00 00 00 04 00 04 00
cb
01 0a 00 09 00 00 00 09 00 00 00 00 00 00 00 6e 6f 74 5f 65 71 75 61 6c 00 00 00 05 00 04 00
c7
01 0e 00 0d 00 00 00 0d 00 00 00 00 00 00 00 67 72 65 61 74 65 72 5f 65 71 75 61 6c 00 00 00 00 00 00 00 04 00 05 00
c0 01
0c 00 07 00 00 00 07 00 00 00 00 00 00 00 67 72 65 61 74 65 72 00 00 00 00 00 05 00 04 00 3c 01 0c 00 0f 00 00 00 0f 00 00 00 00 00 00 00 61 6c 70 68 61 5f 72 65 6a 65 63 74 69 6f 6e 00 00 00 00 00 05 00 05 00 39 01 0a 00 11 00 00 00 11 00 00 00 00 00 00 00 61 6c 70 68 61 5f 74 6f 5f 63 6f 76 65 72 61 67 65 00 00 00 05 00 05 00 32 01 0e 00 0d 00 00 00 0d 00 00 00 00 00 00 00 6c 69 67 68 74 5f 73 63 69 73 73 6f 72 00 00 00 00 00 00 00 05 00 05 00 2f 01 0a 00 11 00 00 00 11 00 00 00 00 00 00 00 6c 69 67 68 74 5f 63 6c 69 70 5f 70 6c 61 6e 65 73 00 00 00 05 00 05 00 28 01 08 00 13 00 00 00 13 00 00 00 00 00 00 00 74 72 61 6e 73 70 61 72 65 6e 74 5f 73 6f 72 74 69 6e 67 00 05 00 05 00 25 01 09 00 12 00 00 00 12 00 00 00 00 00 00 00 69 6c 6c 75 6d 69 6e 61 74 69 6f 6e 5f 73 74 61 67 65 00 00 04 00 05 00 1e 01 0e 00 05 00 00 00 05 00 00 00 00 00 00 00 64 65 63 61 6c 00 00 00 00 00 00 00 05 00 04 00 1a 01 0e 00 0d 00 00 00 0d 00 00 00 00 00 00 00 63 75 6c 6c 5f 68 61 72 64 77 61 72 65 00 00 00 00 00 00 00 04 00 05 00 17 01 0a 00 09 00 00 00 09 00 00 00 00 00 00 00 63 6c 6f 63 6b 77 69 73 65 00 00 00 05 00 04 00 13 01 0e 00 0d 00 00 00 0d 00 00 00 00 00 00 00 61 6e 74 69 63 6c 6f 63 6b 77 69 73 65 00 00 00 00 00 00 00 05 00 05 00 0c 01 0e 00 0d 00 00 00 0d 00 00 00 00 00 00 00 63 75 6c 6c 5f 73 6f 66 74 77 61 72 65 00 00 00 00 00 00 00 04 00 05 00 09 01 0f 00 04 00 00 00 04 00 00 00 00 00 00 00 62 61 63 6b 00 00 00 00 00 00 00 00 04 00 04 00 05 01 0e 00 05 00 00 00 05 00 00 00 00 00 00 00 66 72 6f 6e 74 00 00 00 00 00 00 00 05 00 04 00 01 01 0a 00 11 00 00 00 11 00 00 00 00 00 00 00 6e 6f 72 6d 61 6c 69 73 65 5f 6e 6f 72 6d 61 6c 73 00 00 00 04 00 05 00 7a 01 0b 00 08 00 00 00 08 00 00 00 00 00 00 00 6c 69 67 68 74 69 6e 67 00 00 00 00 04 00 04 00 76 01 0c 00 07 00 00 00 07 00 00 00 00 00 00 00 73 68 61 64 69 6e 67 00 00 00 00 00 04 00 04 00 72 01 0f 00 04 00 00 00 04 00 00 00 00 00 00 00 66 6c 61 74 00 00 00 00 00 00 00 00 04 00 04 00 6e 01 0c 00 07 00 00 00 07 00 00 00 00 00 00 00 67 6f 75 72 61 75 64 00 00 00 00 00 04 00 04 00 6a 01 0e 00 05 00 00 00 05 00 00 00 00 00 00 00 70 68 6f 6e 67 00 00 00 00 00 00 00 05 00 04 00 66 01 0f 00 0c 00 00 00 0c 00 00 00 00 00 00 00 70 6f 6c 79 67 6f 6e 5f 6d 6f 64 65 00 00 00 00 00 00 00 00 04 00 05 00 63 01 0e 00 05 00 00 00 05 00 00 00 00 00 00 00 73 6f 6c 69 64 00 00 00 00 00 00 00 04 00 04 00 5f 01 0a 00 09 00 00 00 09 00 00 00 00 00 00 00 77 69 72 65 66 72 61 6d 65 00 00 00 04 00 04 00 5b 01 0d 00 06 00 00 00 06 00 00 00 00 00 00 00 70 6f 69 6e 74 73 00 00 00 00 00 00 06 00 04 00 57 01 0a 00 19 00 00 00 19 00 00 00 00 00 00 00 70 6f 6c 79 67 6f 6e 5f 6d 6f 64 65 5f 6f 76 65 72 72 69 64 65 61 62 6c 65 00 00 00 05 00 06 00 51 01 0f 00 0c 00 00 00 0c 00 00 00 00 00 00 00 66 6f 67 5f 6f 76 65 72 72 69 64 65 00 00 00 00 00 00 00 00 04 00 05 00 4a 01 0f 00 04 00 00 00 04 00 00 00 00 00 00 00 6e 6f 6e 65 00 00 00 00 00 00 00 00 04 00 04 00 46 01 0d 00 06 00 00 00 06 00 00 00 00 00 00 00 6c 69 6e 65 61 72 00 00 00 00 00 00 03 00 04 00 42 01 08 00 03 00 00 00 03 00 00 00 00 00 00 00 65 78 70 00 04 00 03 00 41 01 0f 00 04 00 00 00 04 00 00 00 00 00 00 00 65 78 70 32 00 00 00 00 00 00 00 00 05 00 04 00
bd 01
0f 00 0c 00 00 00 0c 00 00 00 00 00 00 00 63 6f 6c 6f 75 72 5f 77 72 69 74 65 00 00 00 00 00 00 00 00 04 00 05 00
b6
01 09 00 0a 00 00 00 0a 00 00 00 00 00 00 00 6d 61 78 5f 6c 69 67 68 74 73 00 00 04 00 04 00
b2 01
08 00 0b 00 00 00 0b 00 00 00 00 00 00 00 73 74 61 72 74 5f 6c 69 67 68 74 00 04 00 04 00
ae 01
0a 00 09 00 00 00 09 00 00 00 00 00 00 00 69 74 65 72 61 74 69 6f 6e 00 00 00 04 00 04 00
aa 01
0f 00 04 00 00 00 04 00 00 00 00 00 00 00 6f 6e 63 65 00 00 00 00 00 00 00 00 05 00 04 00
a6
01 0d 00 0e 00 00 00 0e 00 00 00 00 00 00 00 6f 6e 63 65 5f 70 65 72 5f 6c 69 67 68 74 00 00 00 00 00 00 05 00 05 00
a3 01
0f 00 0c 00 00 00 0c 00 00 00 00 00 00 00 70 65 72 5f 6e 5f 6c 69 67 68 74 73 00 00 00 00 00 00 00 00 04 00 05 00 9c 01 0a 00 09 00 00 00 09 00 00 00 00 00 00 00 70 65 72 5f 6c 69 67 68 74 00 00 00 04 00 04 00 98 01 0e 00 05 00 00 00 05 00 00 00 00 00 00 00 70 6f 69 6e 74 00 00 00 00 00 00 00 04 00 04 00 94 01 0f 00 04 00 00 00 04 00 00 00 00 00 00 00 73 70 6f 74 00 00 00 00 00 00 00 00 04 00 04 00 90 01 08 00 0b 00 00 00 0b 00 00 00 00 00 00 00 64 69 72 65 63 74 69 6f 6e 61 6c 00 04 00 04 00 8c 01 09 00 0a 00 00 00 0a 00 00 00 00 00 00 00 70 6f 69 6e 74 5f 73 69 7a 65 00 00 05 00 04 00 88 01 0e 00 0d 00 00 00 0d 00 00 00 00 00 00 00 70 6f 69 6e 74 5f 73 70 72 69 74 65 73 00 00 00 00 00 00 00 05 00 05 00 85 01 0d 00 0e 00 00 00 0e 00 00 00 00 00 00 00 70 6f 69 6e 74 5f 73 69 7a 65 5f 6d 69 6e 00 00 00 00 00 00 05 00 05 00
fe 01 0d
00 0e 00 00 00 0e 00 00 00 00 00 00 00 70 6f 69 6e 74 5f 73 69 7a 65 5f 6d 61 78 00 00 00 00 00 00 06 00 05 00
fb
01 0d 00 16 00 00 00 16 00 00 00 00 00 00 00 70 6f 69 6e 74 5f 73 69 7a 65 5f 61 74 74 65 6e 75 61 74 69 6f 6e 00 00 00 00 00 00 05 00 06 00
f5
01 0e 00 0d 00 00 00 0d 00 00 00 00 00 00 00 74 65 78 74 75 72 65 5f 61 6c 69 61 73 00 00 00 00 00 00 00 04 00 05 00
ee 01 0c
00 07 00 00 00 07 00 00 00 00 00 00 00 74 65 78 74 75 72 65 00 00 00 00 00 03 00 04 00
ea 01 09
00 02 00 00 00 02 00 00 00 00 00 00 00 31 64 00 00 03 00 03 00
e9 01 09 00
02 00 00 00 02 00 00 00 00 00 00 00 32 64 00 00 03 00 03 00
e4
01 09 00 02 00 00 00 02 00 00 00 00 00 00 00 33 64 00 00 04 00 03 00
e3
01 0e 00 05 00 00 00 05 00 00 00 00 00 00 00 63 75 62 69 63 00 00 00 00 00 00 00 04 00 04 00
df 01 0a
00 09 00 00 00 09 00 00 00 00 00 00 00 75 6e 6c 69 6d 69 74 65 64 00 00 00 04 00 04 00
db
01 0e 00 05 00 00 00 05 00 00 00 00 00 00 00 61 6c 70 68 61 00 00 00 00 00 00 00 04 00 04 00
d7
01 0e 00 05 00 00 00 05 00 00 00 00 00 00 00 67 61 6d 6d 61 00 00 00 00 00 00 00 05 00 04 00
d3 01
0f 00 0c 00 00 00 0c 00 00 00 00 00 00 00 61 6e 69 6d 5f 74 65 78 74 75 72 65 00 00 00 00 00 00 00 00 05 00 05 00
cc
01 0e 00 0d 00 00 00 0d 00 00 00 00 00 00 00 63 75 62 69 63 5f 74 65 78 74 75 72 65 00 00 00 00 00 00 00 04 00 05 00
c9 01
09 00 0a 00 00 00 0a 00 00 00 00 00 00 00 73 65 70 61 72 61 74 65 55 56 00 00 04 00 04 00
c5
01 08 00 0b 00 00 00 0b 00 00 00 00 00 00 00 63 6f 6d 62 69 6e 65 64 55 56 57 00 05 00 04 00
c1 01
0e 00 0d 00 00 00 0d 00 00 00 00 00 00 00 74 65 78 5f 63 6f 6f 72 64 5f 73 65 74 00 00 00 00 00 00 00 05 00 05 00 3a 01 0b 00 10 00 00 00 10 00 00 00 00 00 00 00 74 65 78 5f 61 64 64 72 65 73 73 5f 6d 6f 64 65 00 00 00 00 04 00 05 00 37 01 0f 00 04 00 00 00 04 00 00 00 00 00 00 00 77 72 61 70 00 00 00 00 00 00 00 00 04 00 04 00 33 01 0e 00 05 00 00 00 05 00 00 00 00 00 00 00 63 6c 61 6d 70 00 00 00 00 00 00 00 04 00 04 00 2f 01 0d 00 06 00 00 00 06 00 00 00 00 00 00 00 6d 69 72 72 6f 72 00 00 00 00 00 00 04 00 04 00 2b 01 0d 00 06 00 00 00 06 00 00 00 00 00 00 00 62 6f 72 64 65 72 00 00 00 00 00 00 05 00 04 00 27 01 0a 00 11 00 00 00 11 00 00 00 00 00 00 00 74 65 78 5f 62 6f 72 64 65 72 5f 63 6f 6c 6f 75 72 00 00 00 04 00 05 00 20 01 0a 00 09 00 00 00 09 00 00 00 00 00 00 00 66 69 6c 74 65 72 69 6e 67 00 00 00 04 00 04 00 1c 01 0b 00 08 00 00 00 08 00 00 00 00 00 00 00 62 69 6c 69 6e 65 61 72 00 00 00 00 04 00 04 00 18 01 0a 00 09 00 00 00 09 00 00 00 00 00 00 00 74 72 69 6c 69 6e 65 61 72 00 00 00 04 00 04 00 14 01 08 00 0b 00 00 00 0b 00 00 00 00 00 00 00 61 6e 69 73 6f 74 72 6f 70 69 63 00 05 00 04 00 10 01 0d 00 0e 00 00 00 0e 00 00 00 00 00 00 00 6d 61 78 5f 61 6e 69 73 6f 74 72 6f 70 79 00 00 00 00 00 00 04 00 05 00 0d 01 08 00 0b 00 00 00 0b 00 00 00 00 00 00 00 6d 69 70 6d 61 70 5f 62 69 61 73 00 04 00 04 00 09 01 0a 00 09 00 00 00 09 00 00 00 00 00 00 00 63 6f 6c 6f 75 72 5f 6f 70 00 00 00 04 00 04 00 05 01 0c 00 07 00 00 00 07 00 00 00 00 00 00 00 72 65 70 6c 61 63 65 00 00 00 00 00 03 00 04 00 01 01 08 00 03 00 00 00 03 00 00 00 00 00 00 00 61 64 64 00 04 00 03 00 7c 01 0b 00 08 00 00 00 08 00 00 00 00 00 00 00 6d 6f 64 75 6c 61 74 65 00 00 00 00 04 00 04 00 78 01 08 00 0b 00 00 00 0b 00 00 00 00 00 00 00 61 6c 70 68 61 5f 62 6c 65 6e 64 00 05 00 04 00 74 01 0f 00 0c 00 00 00 0c 00 00 00 00 00 00 00 63 6f 6c 6f 75 72 5f 6f 70 5f 65 78 00 00 00 00 00 00 00 00 04 00 05 00 71 01 0c 00 07 00 00 00 07 00 00 00 00 00 00 00 73 6f 75 72 63 65 31 00 00 00 00 00 04 00 04 00 6d 01 0c 00 07 00 00 00 07 00 00 00 00 00 00 00 73 6f 75 72 63 65 32 00 00 00 00 00 04 00 04 00 69 01 08 00 0b 00 00 00 0b 00 00 00 00 00 00 00 6d 6f 64 75 6c 61 74 65 5f 78 32 00 04 00 04 00 65 01 08 00 0b 00 00 00 0b 00 00 00 00 00 00 00 6d 6f 64 75 6c 61 74 65 5f 78 34 00 03 00 04 00 61 01 08 00 03 00 00 00 03 00 00 00 00 00 00 00 75 76 30 00 04 00 03 00 5c 01 09 00 0a 00 00 00 0a 00 00 00 00 00 00 00 61 64 64 5f 73 69 67 6e 65 64 00 00 04 00 04 00 58 01 09 00 0a 00 00 00 0a 00 00 00 00 00 00 00 61 64 64 5f 73 6d 6f 6f 74 68 00 00 04 00 04 00 54 01 0b 00 08 00 00 00 08 00 00 00 00 00 00 00 73 75 62 74 72 61 63 74 00 00 00 00 05 00 04 00 50 01 08 00 13 00 00 00 13 00 00 00 00 00 00 00 62 6c 65 6e 64 5f 64 69 66 66 75 73 65 5f 61 6c 70 68 61 00 05 00 05 00 4d 01 08 00 13 00 00 00 13 00 00 00 00 00 00 00 62 6c 65 6e 64 5f 74 65 78 74 75 72 65 5f 61 6c 70 68 61 00 05 00 05 00 46 01 08 00 13 00 00 00 13 00 00 00 00 00 00 00 62 6c 65 6e 64 5f 63 75 72 72 65 6e 74 5f 61 6c 70 68 61 00 05 00 05 00 43 01 0f 00 0c 00 00 00 0c 00 00 00 00 00 00 00 62 6c 65 6e 64 5f 6d 61 6e 75 61 6c 00 00 00 00 00 00 00 00 04 00 05 00
bc 01 09
00 0a 00 00 00 0a 00 00 00 00 00 00 00 64 6f 74 70 72 6f 64 75 63 74 00 00 06 00 04 00
b8 01 0f 00
14 00 00 00 14 00 00 00 00 00 00 00 62 6c 65 6e 64 5f 64 69 66 66 75 73 65 5f 63 6f 6c 6f 75 72 00 00 00 00 00 00 00 00 04 00 06 00
b2 01
08 00 0b 00 00 00 0b 00 00 00 00 00 00 00 73 72 63 5f 63 75 72 72 65 6e 74 00 04 00 04 00
ae 01
08 00 0b 00 00 00 0b 00 00 00 00 00 00 00 73 72 63 5f 74 65 78 74 75 72 65 00 04 00 04 00
aa 01
08 00 0b 00 00 00 0b 00 00 00 00 00 00 00 73 72 63 5f 64 69 66 66 75 73 65 00 05 00 04 00
a6
01 0f 00 0c 00 00 00 0c 00 00 00 00 00 00 00 73 72 63 5f 73 70 65 63 75 6c 61 72 00 00 00 00 00 00 00 00 04 00 05 00
a3 01
09 00 0a 00 00 00 0a 00 00 00 00 00 00 00 73 72 63 5f 6d 61 6e 75 61 6c 00 00 07 00 04 00 9f 01 0f 00 1c 00 00 00 1c 00 00 00 00 00 00 00 63 6f 6c 6f 75 72 5f 6f 70 5f 6d 75 6c 74 69 70 61 73 73 5f 66 61 6c 6c 62 61 63 6b 00 00 00 00 00 00 00 00 04 00 07 00 96 01 08 00 0b 00 00 00 0b 00 00 00 00 00 00 00 61 6c 70 68 61 5f 6f 70 5f 65 78 00 04 00 04 00 92 01 0c 00 07 00 00 00 07 00 00 00 00 00 00 00 65 6e 76 5f 6d 61 70 00 00 00 00 00 04 00 04 00 8e 01 0a 00 09 00 00 00 09 00 00 00 00 00 00 00 73 70 68 65 72 69 63 61 6c 00 00 00 04 00 04 00 8a 01 0d 00 06 00 00 00 06 00 00 00 00 00 00 00 70 6c 61 6e 61 72 00 00 00 00 00 00 05 00 04 00 86 01 0b 00 10 00 00 00 10 00 00 00 00 00 00 00 63 75 62 69 63 5f 72 65 66 6c 65 63 74 69 6f 6e 00 00 00 00 05 00 05 00 83 01 0f 00 0c 00 00 00 0c 00 00 00 00 00 00 00 63 75 62 69 63 5f 6e 6f 72 6d 61 6c 00 00 00 00 00 00 00 00 04 00 05 00
fc
01 0d 00 06 00 00 00 06 00 00 00 00 00 00 00 73 63 72 6f 6c 6c 00 00 00 00 00 00 04 00 04 00
f8 01
08 00 0b 00 00 00 0b 00 00 00 00 00 00 00 73 63 72 6f 6c 6c 5f 61 6e 69 6d 00 04 00 04 00
f4 01 0d
00 06 00 00 00 06 00 00 00 00 00 00 00 72 6f 74 61 74 65 00 00 00 00 00 00 04 00 04 00
f0 01 08 00
0b 00 00 00 0b 00 00 00 00 00 00 00 72 6f 74 61 74 65 5f 61 6e 69 6d 00 04 00 04 00
ec 01 0e
00 05 00 00 00 05 00 00 00 00 00 00 00 73 63 61 6c 65 00 00 00 00 00 00 00 04 00 04 00
e8 01 09
00 0a 00 00 00 0a 00 00 00 00 00 00 00 77 61 76 65 5f 78 66 6f 72 6d 00 00 04 00 04 00
e4
01 0b 00 08 00 00 00 08 00 00 00 00 00 00 00 73 63 72 6f 6c 6c 5f 78 00 00 00 00 04 00 04 00
e0
01 0b 00 08 00 00 00 08 00 00 00 00 00 00 00 73 63 72 6f 6c 6c 5f 79 00 00 00 00 04 00 04 00
dc 01
0c 00 07 00 00 00 07 00 00 00 00 00 00 00 73 63 61 6c 65 5f 78 00 00 00 00 00 04 00 04 00
d8 01
0c 00 07 00 00 00 07 00 00 00 00 00 00 00 73 63 61 6c 65 5f 79 00 00 00 00 00 04 00 04 00
d4
01 0f 00 04 00 00 00 04 00 00 00 00 00 00 00 73 69 6e 65 00 00 00 00 00 00 00 00 04 00 04 00
d0
01 0b 00 08 00 00 00 08 00 00 00 00 00 00 00 74 72 69 61 6e 67 6c 65 00 00 00 00 04 00 04 00
cc
01 0b 00 08 00 00 00 08 00 00 00 00 00 00 00 73 61 77 74 6f 6f 74 68 00 00 00 00 04 00 04 00
c8
01 0d 00 06 00 00 00 06 00 00 00 00 00 00 00 73 71 75 61 72 65 00 00 00 00 00 00 05 00 04 00
c4
01 0b 00 10 00 00 00 10 00 00 00 00 00 00 00 69 6e 76 65 72 73 65 5f 73 61 77 74 6f 6f 74 68 00 00 00 00 04 00 05 00
c1 01
0a 00 09 00 00 00 09 00 00 00 00 00 00 00 74 72 61 6e 73 66 6f 72 6d 00 00 00 05 00 04 00 3d 01 0f 00 0c 00 00 00 0c 00 00 00 00 00 00 00 62 69 6e 64 69 6e 67 5f 74 79 70 65 00 00 00 00 00 00 00 00 04 00 05 00 36 01 0d 00 06 00 00 00 06 00 00 00 00 00 00 00 76 65 72 74 65 78 00 00 00 00 00 00 04 00 04 00 32 01 0b 00 08 00 00 00 08 00 00 00 00 00 00 00 66 72 61 67 6d 65 6e 74 00 00 00 00 05 00 04 00 2e 01 0f 00 0c 00 00 00 0c 00 00 00 00 00 00 00 63 6f 6e 74 65 6e 74 5f 74 79 70 65 00 00 00 00 00 00 00 00 04 00 05 00 2b 01 0e 00 05 00 00 00 05 00 00 00 00 00 00 00 6e 61 6d 65 64 00 00 00 00 00 00 00 04 00 04 00 27 01 0d 00 06 00 00 00 06 00 00 00 00 00 00 00 73 68 61 64 6f 77 00 00 00 00 00 00 05 00 04 00 23 01 0d 00 0e 00 00 00 0e 00 00 00 00 00 00 00 74 65 78 74 75 72 65 5f 73 6f 75 72 63 65 00 00 00 00 00 00 05 00 05 00 1c 01 0e 00 0d 00 00 00 0d 00 00 00 00 00 00 00 73 68 61 72 65 64 5f 70 61 72 61 6d 73 00 00 00 00 00 00 00 05 00 05 00 19 01 09 00 12 00 00 00 12 00 00 00 00 00 00 00 73 68 61 72 65 64 5f 70 61 72 61 6d 5f 6e 61 6d 65 64 00 00 05 00 05 00 12 01 0a 00 11 00 00 00 11 00 00 00 00 00 00 00 73 68 61 72 65 64 5f 70 61 72 61 6d 73 5f 72 65 66 00 00 00 05 00 05 00 0f 01 0c 00 0f 00 00 00 0f 00 00 00 00 00 00 00 70 61 72 74 69 63 6c 65 5f 73 79 73 74 65 6d 00 00 00 00 00 04 00 05 00 08 01 0c 00 07 00 00 00 07 00 00 00 00 00 00 00 65 6d 69 74 74 65 72 00 00 00 00 00 04 00 04 00 04 01 0b 00 08 00 00 00 08 00 00 00 00 00 00 00 61 66 66 65 63 74 6f 72 00 00 00 00 04 00 04 00 00 01 09 00 0a 00 00 00 0a 00 00 00 00 00 00 00 63 6f 6d 70 6f 73 69 74 6f 72 00 00 04 00 04 00 7c 01 0d 00 06 00 00 00 06 00 00 00 00 00 00 00 74 61 72 67 65 74 00 00 00 00 00 00 05 00 04 00 78 01 0e 00 0d 00 00 00 0d 00 00 00 00 00 00 00 74 61 72 67 65 74 5f 6f 75 74 70 75 74 00 00 00 00 00 00 00 04 00 05 00 75 01 0e 00 05 00 00 00 05 00 00 00 00 00 00 00 69 6e 70 75 74 00 00 00 00 00 00 00 04 00 04 00 71 01 0b 00 08 00 00 00 08 00 00 00 00 00 00 00 70 72 65 76 69 6f 75 73 00 00 00 00 05 00 04 00 6d 01 0f 00 0c 00 00 00 0c 00 00 00 00 00 00 00 74 61 72 67 65 74 5f 77 69 64 74 68 00 00 00 00 00 00 00 00 05 00 05 00 66 01 0e 00 0d 00 00 00 0d 00 00 00 00 00 00 00 74 61 72 67 65 74 5f 68 65 69 67 68 74 00 00 00 00 00 00 00 05 00 05 00 63 01 08 00 13 00 00 00 13 00 00 00 00 00 00 00 74 61 72 67 65 74 5f 77 69 64 74 68 5f 73 63 61 6c 65 64 00 06 00 05 00 5c 01 0f 00 14 00 00 00 14 00 00 00 00 00 00 00 74 61 72 67 65 74 5f 68 65 69 67 68 74 5f 73 63 61 6c 65 64 00 00 00 00 00 00 00 00 04 00 06 00 56 01 0d 00 06 00 00 00 06 00 00 00 00 00 00 00 70 6f 6f 6c 65 64 00 00 00 00 00 00 04 00 04 00 52 01 0c 00 07 00 00 00 07 00 00 00 00 00 00 00 6e 6f 5f 66 73 61 61 00 00 00 00 00 04 00 04 00 4e 01 08 00 0b 00 00 00 0b 00 00 00 00 00 00 00 74 65 78 74 75 72 65 5f 72 65 66 00 04 00 04 00 4a 01 08 00 0b 00 00 00 0b 00 00 00 00 00 00 00 6c 6f 63 61 6c 5f 73 63 6f 70 65 00 04 00 04 00 46 01 08 00 0b 00 00 00 0b 00 00 00 00 00 00 00 63 68 61 69 6e 5f 73 63 6f 70 65 00 05 00 04 00 42 01 0f 00 0c 00 00 00 0c 00 00 00 00 00 00 00 67 6c 6f 62 61 6c 5f 73 63 6f 70 65 00 00 00 00 00 00 00 00 05 00 05 00
bf 01
0b 00 10 00 00 00 10 00 00 00 00 00 00 00 63 6f 6d 70 6f 73 69 74 6f 72 5f 6c 6f 67 69 63 00 00 00 00 05 00 05 00
b8 01 0f 00
0c 00 00 00 0c 00 00 00 00 00 00 00 6f 6e 6c 79 5f 69 6e 69 74 69 61 6c 00 00 00 00 00 00 00 00 05 00 05 00
b5 01
0c 00 0f 00 00 00 0f 00 00 00 00 00 00 00 76 69 73 69 62 69 6c 69 74 79 5f 6d 61 73 6b 00 00 00 00 00 04 00 05 00
ae 01
0b 00 08 00 00 00 08 00 00 00 00 00 00 00 6c 6f 64 5f 62 69 61 73 00 00 00 00 05 00 04 00
aa 01
0c 00 0f 00 00 00 0f 00 00 00 00 00 00 00 6d 61 74 65 72 69 61 6c 5f 73 63 68 65 6d 65 00 00 00 00 00 04 00 05 00
a7
01 0c 00 07 00 00 00 07 00 00 00 00 00 00 00 73 68 61 64 6f 77 73 00 00 00 00 00 04 00 04 00
a3 01
0e 00 05 00 00 00 05 00 00 00 00 00 00 00 63 6c 65 61 72 00 00 00 00 00 00 00 04 00 04 00 9f 01 0c 00 07 00 00 00 07 00 00 00 00 00 00 00 73 74 65 6e 63 69 6c 00 00 00 00 00 05 00 04 00 9b 01 0f 00 0c 00 00 00 0c 00 00 00 00 00 00 00 72 65 6e 64 65 72 5f 73 63 65 6e 65 00 00 00 00 00 00 00 00 04 00 05 00 94 01 08 00 0b 00 00 00 0b 00 00 00 00 00 00 00 72 65 6e 64 65 72 5f 71 75 61 64 00 04 00 04 00 90 01 09 00 0a 00 00 00 0a 00 00 00 00 00 00 00 69 64 65 6e 74 69 66 69 65 72 00 00 05 00 04 00 8c 01 09 00 12 00 00 00 12 00 00 00 00 00 00 00 66 69 72 73 74 5f 72 65 6e 64 65 72 5f 71 75 65 75 65 00 00 05 00 05 00 89 01 0a 00 11 00 00 00 11 00 00 00 00 00 00 00 6c 61 73 74 5f 72 65 6e 64 65 72 5f 71 75 65 75 65 00 00 00 05 00 05 00 82 01 0f 00 0c 00 00 00 0c 00 00 00 00 00 00 00 71 75 61 64 5f 6e 6f 72 6d 61 6c 73 00 00 00 00 00 00 00 00 07 00 05 00
ff
01 0e 00 1d 00 00 00 1d 00 00 00 00 00 00 00 63 61 6d 65 72 61 5f 66 61 72 5f 63 6f 72 6e 65 72 73 5f 76 69 65 77 5f 73 70 61 63 65 00 00 00 00 00 00 00 07 00 07 00
f6 01
0d 00 1e 00 00 00 1e 00 00 00 00 00 00 00 63 61 6d 65 72 61 5f 66 61 72 5f 63 6f 72 6e 65 72 73 5f 77 6f 72 6c 64 5f 73 70 61 63 65 00 00 00 00 00 00 04 00 07 00
f1 01 0c 00
07 00 00 00 07 00 00 00 00 00 00 00 62 75 66 66 65 72 73 00 00 00 00 00 04 00 04 00
ed
01 0d 00 06 00 00 00 06 00 00 00 00 00 00 00 63 6f 6c 6f 75 72 00 00 00 00 00 00 04 00 04 00
e9 01 0e 00
05 00 00 00 05 00 00 00 00 00 00 00 64 65 70 74 68 00 00 00 00 00 00 00 05 00 04 00
e5
01 0f 00 0c 00 00 00 0c 00 00 00 00 00 00 00 63 6f 6c 6f 75 72 5f 76 61 6c 75 65 00 00 00 00 00 00 00 00 04 00 05 00
de 01 08
00 0b 00 00 00 0b 00 00 00 00 00 00 00 64 65 70 74 68 5f 76 61 6c 75 65 00 05 00 04 00
da 01
0e 00 0d 00 00 00 0d 00 00 00 00 00 00 00 73 74 65 6e 63 69 6c 5f 76 61 6c 75 65 00 00 00 00 00 00 00 04 00 05 00
d7
01 0e 00 05 00 00 00 05 00 00 00 00 00 00 00 63 68 65 63 6b 00 00 00 00 00 00 00 04 00 04 00
d3 01
0a 00 09 00 00 00 09 00 00 00 00 00 00 00 63 6f 6d 70 5f 66 75 6e 63 00 00 00 04 00 04 00
cf 01
0a 00 09 00 00 00 09 00 00 00 00 00 00 00 72 65 66 5f 76 61 6c 75 65 00 00 00 04 00 04 00
cb
01 0f 00 04 00 00 00 04 00 00 00 00 00 00 00 6d 61 73 6b 00 00 00 00 00 00 00 00 04 00 04 00
c7
01 0c 00 07 00 00 00 07 00 00 00 00 00 00 00 66 61 69 6c 5f 6f 70 00 00 00 00 00 04 00 04 00
c3
01 0f 00 04 00 00 00 04 00 00 00 00 00 00 00 6b 65 65 70 00 00 00 00 00 00 00 00 04 00 04 00 3f 01 0a 00 09 00 00 00 09 00 00 00 00 00 00 00 69 6e 63 72 65 6d 65 6e 74 00 00 00 04 00 04 00 3b 01 0a 00 09 00 00 00 09 00 00 00 00 00 00 00 64 65 63 72 65 6d 65 6e 74 00 00 00 05 00 04 00 37 01 0d 00 0e 00 00 00 0e 00 00 00 00 00 00 00 69 6e 63 72 65 6d 65 6e 74 5f 77 72 61 70 00 00 00 00 00 00 05 00 05 00 30 01 0d 00 0e 00 00 00 0e 00 00 00 00 00 00 00 64 65 63 72 65 6d 65 6e 74 5f 77 72 61 70 00 00 00 00 00 00 04 00 05 00 2d 01 0d 00 06 00 00 00 06 00 00 00 00 00 00 00 69 6e 76 65 72 74 00 00 00 00 00 00 05 00 04 00 29 01 0e 00 0d 00 00 00 0d 00 00 00 00 00 00 00 64 65 70 74 68 5f 66 61 69 6c 5f 6f 70 00 00 00 00 00 00 00 04 00 05 00 22 01 0c 00 07 00 00 00 07 00 00 00 00 00 00 00 70 61 73 73 5f 6f 70 00 00 00 00 00 04 00 04 00 1e 01 0a 00 09 00 00 00 09 00 00 00 00 00 00 00 74 77 6f 5f 73 69 64 65 64 00 00 00 08 00 04 00 1a 01 08 00 78
d3 3f
00 01 00 00 00 04 00 00 00 00 00 00 00 01 00 01 00 00 00 00 00 00 00 00 00 50 04 7d 02 02 00 00 00 01 00 00 00 00 00 00 00 01 00 01 00 00 00 00 00 00 00 00 00 06 00 08 00 12 01 09 00 1a 00 00 00 1a 00 00 00 01 00 00 00 4f 70 65 6e 47 4c 20 52 65 6e 64 65 72 69 6e 67 20 53 75 62 73 79 73 74 65 6d 00 00 07 00 06 00 0c 01 08 00 03 00 00 00 00 00 00 00 28
f9
3f 00 02 00 00 00 02 00 00 00 90 4d 24 00
ff
ff
ff
ff
00 00 00 00 00 00 00 00 00 00 00 00 00 00 00 00 65 6d 00 00 05 00 07 00 07 01 08 00 13 00 00 00 13 00 00 00 01 00 00 00 52 65 6e 64 65 72 53 79 73 74 65 6d 5f 47 4c 2e 64 6c 6c 00 04 00 05 00 00 01 0f 00 04 00 00 00 04 00 00 00 01 00 00 00 67 6c 73 6c 00 00 00 00 00 00 00 00 11 00 04 00 7c 01 08 00 00 00 00 00 78 01 3f 00 00 00 00 00 00 00 00 00 00 00 00 00 00 00 00 00 00 00 00 00 00 00 00 00 00 00 00 00 00 00 00 00 00 00 00 00 00 00 00 00 00 00 00 00 00 00 00 00 00 00 00 00 00 00 00 00 00 00 00 00 00 00 00 00 00 00 00 00 00 00 00 00 00 00 00 00 00 00 00 00 00 00 00 00 00 00 00 00 00 00 00 00 00 00 00 00 00 00 00 00 00 00 00 00 00 00 00 00 00 00 00 00 00 00 00 00 00 00 00 00 21 00 11 00 6d 01 08 00 00 00 00 00 30 10 00 00 1c 0f 0f 7f 06 01 03 03 48 15 00 00 8b 16 00 00
e2
17 00 00 4d 19 00 00
cf 1a
00 00 67 1c 00 00 17 1e 00 00
e2
1f 00 00
c8
21 00 00
c9 23
00 00
ea 25 00
00 2c 28 00 00 90 10 00 00
b0 10 00
00 18 0f 0f 7f 06 01 03 03
a4 0a 00
00 45 0b 00 00
f1 0b 00 00
a6
0c 00 00 67 0d 00 00 33 0e 00 00 0b 0f 00 00
f1 0f 00 00
e4
10 00 00
e4
11 00 00
f5
12 00 00 16 14 00 00
e0
10 00 00 00 11 00 00 00 0f 0f 7f 06 01 03 03
d0
3f 00 00 98 43 00 00 9e 47 00 00
de 4b 00
00 62 50 00 00 2a 55 00 00 3c 5a 00 00 9c 5f 00 00 4a 65 00 00 4e 6b 00 00
b2 71
00 00 74 78 00 00 60 11 00 00 80 11 00 00 00 0f 0f 7f 04 01 03 03 80 32 00 00 7e 35 00 00
ac 38
00 00 0a 3c 00 00 9e 3f 00 00 66 43 00 00 68 47 00 00
a8 4b
00 00 28 50 00 00
ec 54 00
00
fa
59 00 00 54 5f 00 00 04 00 21 00 4a 01 0d 00 06 00 00 00 06 00 00 00 00 00 00 00 76 65 72 74 65 78 00 00 00 00 00 00 05 00 04 00 46 01 0f 00 0c 00 00 00 0c 00 00 00 00 00 00 00 62 6c 65 6e 64 57 65 69 67 68 74 73 00 00 00 00 00 00 00 00 04 00 05 00 43 01 0d 00 06 00 00 00 06 00 00 00 00 00 00 00 6e 6f 72 6d 61 6c 00 00 00 00 00 00 04 00 04 00
bf 01
0d 00 06 00 00 00 06 00 00 00 00 00 00 00 63 6f 6c 6f 75 72 00 00 00 00 00 00 05 00 04 00
bb 01
0b 00 10 00 00 00 10 00 00 00 00 00 00 00 73 65 63 6f 6e 64 61 72 79 5f 63 6f 6c 6f 75 72 00 00 00 00 05 00 05 00
b4 01 0f 00
0c 00 00 00 0c 00 00 00 00 00 00 00 62 6c 65 6e 64 49 6e 64 69 63 65 73 00 00 00 00 00 00 00 00 03 00 05 00
b1 01
08 00 03 00 00 00 03 00 00 00 00 00 00 00 75 76 31 00 03 00 03 00
ac 01
08 00 03 00 00 00 03 00 00 00 00 00 00 00 75 76 32 00 03 00 03 00
ab 01 08
00 03 00 00 00 03 00 00 00 00 00 00 00 75 76 33 00 03 00 03 00
a6
01 08 00 03 00 00 00 03 00 00 00 00 00 00 00 75 76 34 00 03 00 03 00
a5 01
08 00 03 00 00 00 03 00 00 00 00 00 00 00 75 76 35 00 03 00 03 00
a0

